450	0.15834
450.5	0.18338
451	0.19986
451.5	0.21108
452	0.22624
452.5	0.25523
453	0.25394
453.5	0.23816
454	0.22042
454.5	0.21386
455	0.19545
455.5	0.2014
456	0.19023
456.5	0.20606
457	0.25084
457.5	0.22585
458	0.30223
458.5	0.31542
459	0.31676
459.5	0.29769
460	0.26283
460.5	0.23126
461	0.22141
461.5	0.20037
462	0.205
462.5	0.19976
463	0.21953
463.5	0.20375
464	0.20114
464.5	0.19985
465	0.19395
465.5	0.19397
466	0.19268
466.5	0.20652
467	0.20523
467.5	0.21578
468	0.19474
468.5	0.21056
469	0.20137
469.5	0.23298
470	0.19483
470.5	0.24751
471	0.26135
471.5	0.25348
472	0.22783
472.5	0.23641
473	0.24762
473.5	0.25817
474	0.28452
474.5	0.29705
475	0.28983
475.5	0.31684
476	0.2563
476.5	0.24382
477	0.30176
477.5	0.54401
478	0.44398
478.5	0.24983
479	0.2301
479.5	0.2163
480	0.21039
480.5	0.17355
481	0.18213
481.5	0.16372
482	0.18678
482.5	0.17758
483	0.16181
483.5	0.15524
484	0.16382
484.5	0.16318
485	0.13556
485.5	0.15862
486	0.16193
486.5	0.16787
487	0.15473
487.5	0.15014
488	0.15608
488.5	0.1324
489	0.13045
489.5	0.14363
490	0.15484
490.5	0.16013
491	0.16344
491.5	0.14766
492	0.13978
492.5	0.1681
493	0.16022
493.5	0.14642
494	0.15565
494.5	0.16818
495	0.18794
495.5	0.19981
496	0.21826
496.5	0.24592
497	0.26569
497.5	0.28282
498	0.27231
498.5	0.27364
499	0.26906
499.5	0.27171
500	0.26448
500.5	0.25134
501	0.23951
501.5	0.23623
502	0.24152
502.5	0.24943
503	0.24945
503.5	0.25342
504	0.26726
504.5	0.25938
505	0.28638
505.5	0.28377
506	0.29827
506.5	0.31869
507	0.3819
507.5	0.44116
508	0.50568
508.5	0.60838
509	0.73083
509.5	0.81379
510	0.70585
510.5	0.60187
511	0.49525
511.5	0.43537
512	0.43407
512.5	0.46239
513	0.4815
513.5	0.40582
514	0.38609
514.5	0.35912
515	0.32425
515.5	0.33479
516	0.33086
516.5	0.34536
517	0.36447
517.5	0.36053
518	0.36976
518.5	0.35201
519	0.37572
519.5	0.44156
520	0.67591
520.5	1.1031
521	0.97017
521.5	0.64173
522	0.68848
522.5	1.0459
523	1.3408
523.5	2.1834
524	1.5304
524.5	0.64446
525	0.56943
525.5	0.55958
526	0.45361
526.5	0.34831
527	0.32002
527.5	0.46617
528	0.73145
528.5	0.5939
529	0.38262
529.5	0.29904
530	0.3708
530.5	0.37608
531	0.29645
531.5	0.26816
532	0.20564
532.5	0.1971
533	0.18
533.5	0.18594
534	0.1695
534.5	0.18071
535	0.17151
535.5	0.19917
536	0.18931
536.5	0.16958
537	0.17354
537.5	0.13867
538	0.15382
538.5	0.16898
539	0.14529
539.5	0.1407
540	0.15322
540.5	0.12296
541	0.15391
541.5	0.12496
542	0.123
542.5	0.1375
543	0.11645
543.5	0.12304
544	0.11187
544.5	0.1211
545	0.11255
545.5	0.12244
546	0.14549
546.5	0.11062
547	0.15013
547.5	0.10604
548	0.12712
548.5	0.14293
549	0.12846
549.5	0.10149
550	0.11862
550.5	0.1285
551	0.14892
551.5	0.083111
552	0.10682
552.5	0.13843
553	0.12725
553.5	0.11805
554	0.13584
554.5	0.12466
555	0.16878
555.5	0.14312
556	0.13984
556.5	0.13327
557	0.13723
557.5	0.13922
558	0.13594
558.5	0.17282
559	0.17217
559.5	0.18337
560	0.16364
560.5	0.16826
561	0.18736
561.5	0.20712
562	0.1683
562.5	0.19003
563	0.19729
563.5	0.18019
564	0.20587
564.5	0.23287
565	0.26579
565.5	0.30135
566	0.47514
566.5	0.66341
567	0.52914
567.5	0.36657
568	0.35868
568.5	0.39292
569	0.4818
569.5	0.59502
570	0.53843
570.5	0.47788
571	0.50291
571.5	0.64312
572	1.0052
572.5	1.3455
573	1.2171
573.5	1.4245
574	1.5213
574.5	1.0105
575	0.77288
575.5	0.73669
576	0.71564
576.5	0.81044
577	0.99804
577.5	1.3502
578	1.6787
578.5	1.2489
579	0.88224
579.5	0.89608
580	1.1015
580.5	1.4049
581	1.2292
581.5	0.91126
582	0.82373
582.5	1.0521
583	1.0673
583.5	0.97647
584	0.92119
584.5	0.81589
585	0.72375
585.5	0.90082
586	0.93835
586.5	0.73629
587	0.64217
587.5	0.63033
588	0.74224
588.5	0.93249
589	0.88708
589.5	0.70871
590	0.6791
590.5	0.61921
591	0.51456
591.5	0.43822
592	0.37372
592.5	0.32437
593	0.28422
593.5	0.24342
594	0.22106
594.5	0.20856
595	0.19804
595.5	0.17699
596	0.16778
596.5	0.16648
597	0.14608
597.5	0.17242
598	0.15466
598.5	0.17639
599	0.17772
599.5	0.19616
600	0.18103
600.5	0.17578
601	0.17974
601.5	0.21792
602	0.20082
602.5	0.13698
603	0.15476
603.5	0.11528
604	0.13109
604.5	0.13637
605	0.11597
605.5	0.13441
606	0.13903
606.5	0.1318
607	0.12194
607.5	0.12853
608	0.14236
608.5	0.11802
609	0.12987
609.5	0.12067
610	0.12726
610.5	0.12003
611	0.11609
611.5	0.12203
612	0.10887
612.5	0.11876
613	0.14246
613.5	0.13589
614	0.12668
614.5	0.11419
615	0.13131
615.5	0.096434
616	0.10368
616.5	0.12147
617	0.12872
617.5	0.10306
618	0.11557
618.5	0.12743
619	0.14455
619.5	0.13666
620	0.13009
620.5	0.15248
621	0.14328
621.5	0.083386
622	0.11367
622.5	0.12619
623	0.1624
623.5	0.13937
624	0.12622
624.5	0.13347
625	0.13677
625.5	0.14665
626	0.1776
626.5	0.1809
627	0.19605
627.5	0.18289
628	0.14736
628.5	0.11775
629	0.13684
629.5	0.13751
630	0.10724
630.5	0.1349
631	0.1145
631.5	0.14347
632	0.11189
632.5	0.14151
633	0.14811
633.5	0.12903
634	0.099415
634.5	0.13958
635	0.13629
635.5	0.108
636	0.12381
636.5	0.11131
637	0.13106
637.5	0.11396
638	0.11528
638.5	0.11595
639	0.1469
639.5	0.11136
640	0.12388
640.5	0.12454
641	0.1081
641.5	0.11205
642	0.11272
642.5	0.118
643	0.090358
643.5	0.087734
644	0.11144
644.5	0.10157
645	0.12528
645.5	0.1266
646	0.093701
646.5	0.085153
647	0.093718
647.5	0.13454
648	0.10953
648.5	0.13192
649	0.1293
649.5	0.12601
650	0.075338
650.5	0.10694
651	0.11946
651.5	0.11947
652	0.13659
652.5	0.10895
653	0.13134
653.5	0.11028
654	0.089228
654.5	0.1261
655	0.092535
655.5	0.10044
656	0.096501
656.5	0.10638
657	0.11561
657.5	0.12549
658	0.089293
658.5	0.095225
659	0.10642
659.5	0.079444
660	0.090642
660.5	0.10052
661	0.12159
661.5	0.11634
662	0.14267
662.5	0.1078
663	0.12953
663.5	0.12032
664	0.094655
664.5	0.12494
665	0.10059
665.5	0.11772
666	0.13879
666.5	0.15262
667	0.16711
667.5	0.20793
668	0.21781
668.5	0.21782
669	0.16846
669.5	0.12107
670	0.14741
670.5	0.17111
671	0.1573
671.5	0.17442
672	0.16718
672.5	0.19023
673	0.16917
673.5	0.11784
674	0.1501
674.5	0.20343
675	0.19422
675.5	0.19686
676	0.23307
676.5	0.23308
677	0.19491
677.5	0.16793
678	0.16662
678.5	0.20875
679	0.18638
679.5	0.16861
680	0.18969
680.5	0.18838
681	0.19233
681.5	0.23052
682	0.2325
682.5	0.27134
683	0.2832
683.5	0.2424
684	0.19764
684.5	0.14565
685	0.16343
685.5	0.17331
686	0.14765
686.5	0.18649
687	0.16214
687.5	0.11015
688	0.13254
688.5	0.14768
689	0.13979
689.5	0.16349
690	0.13388
690.5	0.16943
691	0.11612
691.5	0.1181
692	0.095072
692.5	0.14313
693	0.13063
693.5	0.10102
694	0.14118
694.5	0.11749
695	0.1096
695.5	0.097096
696	0.13133
696.5	0.11225
697	0.070787
697.5	0.1195
698	0.11359
698.5	0.14387
699	0.10175
699.5	0.12019
700	0.12941
700.5	0.14653
701	0.10902
701.5	0.13141
702	0.12944
702.5	0.10641
703	0.13274
703.5	0.12156
704	0.10182
704.5	0.12092
705	0.11302
705.5	0.098549
706	0.086707
706.5	0.10251
707	0.14267
707.5	0.082778
708	0.094632
708.5	0.11899
709	0.11571
709.5	0.08807
710	0.1381
710.5	0.10783
711	0.085456
711.5	0.076906
712	0.12628
712.5	0.097324
713	0.11971
713.5	0.094704
714	0.16185
714.5	0.12236
715	0.12369
715.5	0.12369
716	0.14345
716.5	0.13095
717	0.13029
717.5	0.14939
718	0.12636
718.5	0.13558
719	0.0928
719.5	0.14152
720	0.14942
720.5	0.1751
721	0.17445
721.5	0.1705
722	0.20408
722.5	0.20869
723	0.14024
723.5	0.19488
724	0.20542
724.5	0.21003
725	0.20609
725.5	0.23177
726	0.24165
726.5	0.26338
727	0.31867
727.5	0.29235
728	0.30289
728.5	0.34502
729	0.35095
729.5	0.41086
730	0.52013
730.5	0.61953
731	0.9447
731.5	1.6984
732	2.6739
732.5	3.0057
733	2.5956
733.5	2.3639
734	1.6872
734.5	1.1297
735	0.88814
735.5	0.82628
736	0.97439
736.5	1.2686
737	1.5102
737.5	1.4332
738	1.2772
738.5	1.0732
739	0.98166
739.5	0.83356
740	0.82436
740.5	0.96325
741	1.1969
741.5	1.5886
742	1.9783
742.5	2.3837
743	2.416
743.5	1.7518
744	1.2904
744.5	1.037
745	0.91591
745.5	0.94817
746	1.062
746.5	1.2845
747	1.6308
747.5	1.9461
748	1.9566
748.5	1.6505
749	1.2523
749.5	0.98244
750	0.78958
750.5	0.73232
751	0.72377
751.5	0.75801
752	0.87584
752.5	0.93245
753	0.90086
753.5	0.74091
754	0.65008
754.5	0.51054
755	0.40326
755.5	0.38417
756	0.38089
756.5	0.33811
757	0.34864
757.5	0.35918
758	0.30455
758.5	0.31838
759	0.35064
759.5	0.27561
760	0.24665
760.5	0.23349
761	0.24271
761.5	0.31381
762	0.37635
762.5	0.36253
763	0.31514
763.5	0.28092
764	0.28092
764.5	0.20326
765	0.18417
765.5	0.17957
766	0.18155
766.5	0.12561
767	0.15721
767.5	0.18552
768	0.18421
768.5	0.14669
769	0.18948
769.5	0.20134
770	0.19015
770.5	0.16251
771	0.18358
771.5	0.17569
772	0.14739
772.5	0.19478
773	0.23099
773.5	0.19874
774	0.20665
774.5	0.22706
775	0.23233
775.5	0.23234
776	0.26064
776.5	0.27974
777	0.27974
777.5	0.34162
778	0.35611
778.5	0.34163
779	0.28832
779.5	0.27779
780	0.28372
780.5	0.27583
781	0.31072
781.5	0.27716
782	0.31666
782.5	0.34628
783	0.35813
783.5	0.39039
784	0.37526
784.5	0.48124
785	0.69715
785.5	0.87158
786	0.92885
786.5	0.83737
787	0.73205
787.5	0.59646
788	0.67282
788.5	0.82817
789	1.0342
789.5	1.1441
790	1.1566
790.5	1.0994
791	1.2205
791.5	1.5404
792	2.0933
792.5	1.9847
793	1.5819
793.5	1.3607
794	1.3864
794.5	1.676
795	1.8294
795.5	1.5378
796	1.312
796.5	1.2377
797	1.3884
797.5	1.6952
798	2.2191
798.5	3.2907
799	3.6034
799.5	2.541
800	1.7136
800.5	1.3048
801	1.1568
801.5	1.2232
802	1.5497
802.5	1.9954
803	2.5252
803.5	2.5661
804	2.3956
804.5	2.1751
805	1.6919
805.5	1.3181
806	1.0205
806.5	0.82308
807	0.76713
807.5	0.74805
808	0.82243
808.5	0.70593
809	0.66907
809.5	0.64472
810	0.51374
810.5	0.45516
811	0.40119
811.5	0.37421
812	0.32814
812.5	0.33933
813	0.27944
813.5	0.26957
814	0.21296
814.5	0.27682
815	0.29854
815.5	0.28143
816	0.22549
816.5	0.27815
817	0.22089
817.5	0.213
818	0.2492
818.5	0.17483
819	0.13731
819.5	0.17286
820	0.20314
820.5	0.1709
821	0.18999
821.5	0.21303
822	0.16433
822.5	0.1301
823	0.19001
823.5	0.10707
824	0.13867
824.5	0.1367
825	0.21899
825.5	0.24993
826	0.22492
826.5	0.26376
827	0.30523
827.5	0.35395
828	0.27562
828.5	0.24008
829	0.19533
829.5	0.15452
830	0.13083
830.5	0.13478
831	0.14005
831.5	0.14335
832	0.11241
832.5	0.11373
833	0.16113
833.5	0.18417
834	0.16772
834.5	0.13021
835	0.12955
835.5	0.19143
836	0.091385
836.5	0.11311
837	0.10061
837.5	0.11904
838	0.18224
838.5	0.17434
839	0.17566
839.5	0.15724
840	0.10458
840.5	0.1612
841	0.15264
841.5	0.14738
842	0.1882
842.5	0.20202
843	0.066432
843.5	0.15135
844	0.18295
844.5	0.10725
845	0.067107
845.5	0.18428
846	0.102
846.5	0.073701
847	0.18429
847.5	0.12505
848	0.028954
848.5	0.17838
849	0
849.5	0.048055
850	0.22578
