300	2.2162
300.1	2.2118
300.2	2.2053
300.3	2.1965
300.4	2.1921
300.5	2.1866
300.6	2.1853
300.7	2.1809
300.8	2.1779
300.9	2.1745
301	2.1758
301.1	2.17
301.2	2.1693
301.3	2.1657
301.4	2.1629
301.5	2.162
301.6	2.1585
301.7	2.158
301.8	2.1552
301.9	2.1496
302	2.1484
302.1	2.148
302.2	2.1434
302.3	2.1418
302.4	2.1395
302.5	2.1344
302.6	2.1317
302.7	2.1318
302.8	2.1282
302.9	2.1251
303	2.1229
303.1	2.1225
303.2	2.1171
303.3	2.1168
303.4	2.1139
303.5	2.1104
303.6	2.1098
303.7	2.1055
303.8	2.1039
303.9	2.1009
304	2.0987
304.1	2.094
304.2	2.0942
304.3	2.0927
304.4	2.0879
304.5	2.0881
304.6	2.0853
304.7	2.0808
304.8	2.0809
304.9	2.0802
305	2.0801
305.1	2.0762
305.2	2.075
305.3	2.077
305.4	2.0835
305.5	2.0918
305.6	2.1053
305.7	2.1164
305.8	2.133
305.9	2.1429
306	2.1454
306.1	2.1391
306.2	2.1262
306.3	2.1051
306.4	2.081
306.5	2.067
306.6	2.0478
306.7	2.0353
306.8	2.0311
306.9	2.0295
307	2.0268
307.1	2.0208
307.2	2.0179
307.3	2.0073
307.4	2.006
307.5	2.0003
307.6	1.9974
307.7	1.9935
307.8	1.9947
307.9	2.0013
308	2.0062
308.1	2.0076
308.2	2.0102
308.3	2.0071
308.4	2.0027
308.5	1.9998
308.6	1.9933
308.7	1.9907
308.8	1.9909
308.9	1.9917
309	1.9942
309.1	1.9972
309.2	1.9992
309.3	2.003
309.4	2.0099
309.5	2.0168
309.6	2.0259
309.7	2.0389
309.8	2.0466
309.9	2.0522
310	2.0771
310.1	2.0274
310.2	2.0623
310.3	1.989
310.4	1.9886
310.5	2.0246
310.6	1.9522
310.7	1.9406
310.8	1.9924
310.9	1.9742
311	1.9113
311.1	1.9336
311.2	1.9689
311.3	1.9192
311.4	1.942
311.5	1.9323
311.6	1.919
311.7	1.93
311.8	1.9483
311.9	1.9482
312	1.8803
312.1	1.8984
312.2	1.8507
312.3	1.8726
312.4	1.9036
312.5	1.9079
312.6	1.877
312.7	1.8465
312.8	1.878
312.9	1.8811
313	1.9203
313.1	1.868
313.2	1.9129
313.3	1.7924
313.4	1.8365
313.5	1.8308
313.6	1.8909
313.7	1.8492
313.8	1.861
313.9	1.9192
314	1.8312
314.1	1.8742
314.2	1.8463
314.3	1.8562
314.4	1.8844
314.5	1.8202
314.6	1.9054
314.7	1.8189
314.8	1.9784
314.9	1.8455
315	1.8043
315.1	1.8242
315.2	1.7919
315.3	1.8231
315.4	1.802
315.5	1.7899
315.6	1.8167
315.7	1.7761
315.8	1.7831
315.9	1.7898
316	1.7975
316.1	1.7615
316.2	1.8117
316.3	1.7791
316.4	1.8208
316.5	1.7939
316.6	1.8008
316.7	1.8449
316.8	1.796
316.9	1.7954
317	1.7909
317.1	1.778
317.2	1.7233
317.3	1.7127
317.4	1.73
317.5	1.7363
317.6	1.7917
317.7	1.7515
317.8	1.7132
317.9	1.7228
318	1.7018
318.1	1.7006
318.2	1.7505
318.3	1.7048
318.4	1.7349
318.5	1.7049
318.6	1.7601
318.7	1.7379
318.8	1.7031
318.9	1.6949
319	1.6546
319.1	1.7095
319.2	1.6711
319.3	1.6944
319.4	1.735
319.5	1.696
319.6	1.6816
319.7	1.7183
319.8	1.7158
319.9	1.6841
320	1.6717
320.1	1.6919
320.2	1.6842
320.3	1.6807
320.4	1.6452
320.5	1.6848
320.6	1.6909
320.7	1.6714
320.8	1.6819
320.9	1.692
321	1.6721
321.1	1.6946
321.2	1.684
321.3	1.6759
321.4	1.6126
321.5	1.6783
321.6	1.6619
321.7	1.6368
321.8	1.6255
321.9	1.629
322	1.6708
322.1	1.6572
322.2	1.618
322.3	1.6401
322.4	1.659
322.5	1.6268
322.6	1.6097
322.7	1.6372
322.8	1.5913
322.9	1.6113
323	1.5999
323.1	1.6321
323.2	1.6136
323.3	1.609
323.4	1.589
323.5	1.613
323.6	1.582
323.7	1.5996
323.8	1.6442
323.9	1.5812
324	1.6027
324.1	1.5965
324.2	1.5951
324.3	1.5847
324.4	1.59
324.5	1.5772
324.6	1.6065
324.7	1.5926
324.8	1.5761
324.9	1.5797
325	1.5719
325.1	1.5545
325.2	1.5691
325.3	1.5596
325.4	1.5665
325.5	1.5724
325.6	1.5778
325.7	1.5394
325.8	1.5665
325.9	1.5847
326	1.5786
326.1	1.5738
326.2	1.558
326.3	1.5836
326.4	1.5568
326.5	1.5682
326.6	1.534
326.7	1.573
326.8	1.5599
326.9	1.5535
327	1.5428
327.1	1.5552
327.2	1.5678
327.3	1.5472
327.4	1.5371
327.5	1.5814
327.6	1.5549
327.7	1.5498
327.8	1.5464
327.9	1.5553
328	1.5572
328.1	1.5504
328.2	1.5386
328.3	1.5741
328.4	1.5362
328.5	1.5458
328.6	1.5547
328.7	1.57
328.8	1.5414
328.9	1.5789
329	1.5563
329.1	1.5714
329.2	1.5685
329.3	1.59
329.4	1.5957
329.5	1.5738
329.6	1.579
329.7	1.5955
329.8	1.5778
329.9	1.6034
330	1.6098
330.1	1.5838
330.2	1.5912
330.3	1.6021
330.4	1.5964
330.5	1.5979
330.6	1.5818
330.7	1.6004
330.8	1.5937
330.9	1.5747
331	1.5841
331.1	1.5588
331.2	1.5668
331.3	1.5535
331.4	1.5666
331.5	1.5746
331.6	1.5652
331.7	1.5516
331.8	1.548
331.9	1.5552
332	1.5555
332.1	1.5568
332.2	1.5322
332.3	1.557
332.4	1.5301
332.5	1.5374
332.6	1.5469
332.7	1.5161
332.8	1.5219
332.9	1.5406
333	1.5196
333.1	1.5187
333.2	1.5372
333.3	1.5163
333.4	1.5309
333.5	1.5277
333.6	1.5246
333.7	1.5505
333.8	1.5581
333.9	1.5584
334	1.5743
334.1	1.5766
334.2	1.574
334.3	1.5399
334.4	1.537
334.5	1.549
334.6	1.4944
334.7	1.5047
334.8	1.4829
334.9	1.4523
335	1.4623
335.1	1.4499
335.2	1.451
335.3	1.4352
335.4	1.4219
335.5	1.4375
335.6	1.426
335.7	1.4196
335.8	1.4324
335.9	1.4189
336	1.4366
336.1	1.4395
336.2	1.429
336.3	1.4215
336.4	1.4293
336.5	1.4094
336.6	1.4323
336.7	1.4186
336.8	1.4048
336.9	1.4073
337	1.391
337.1	1.3934
337.2	1.3808
337.3	1.371
337.4	1.3755
337.5	1.3648
337.6	1.3557
337.7	1.356
337.8	1.3535
337.9	1.341
338	1.3443
338.1	1.334
338.2	1.3312
338.3	1.3285
338.4	1.3185
338.5	1.3276
338.6	1.3159
338.7	1.301
338.8	1.3093
338.9	1.3047
339	1.2914
339.1	1.3056
339.2	1.2985
339.3	1.2981
339.4	1.2916
339.5	1.2984
339.6	1.291
339.7	1.285
339.8	1.2914
339.9	1.2869
340	1.2829
340.1	1.2915
340.2	1.2983
340.3	1.3016
340.4	1.3067
340.5	1.3222
340.6	1.3079
340.7	1.3082
340.8	1.3117
340.9	1.3012
341	1.3021
341.1	1.2868
341.2	1.2872
341.3	1.2872
341.4	1.2733
341.5	1.2564
341.6	1.2681
341.7	1.2636
341.8	1.2466
341.9	1.2531
342	1.2521
342.1	1.2456
342.2	1.232
342.3	1.2277
342.4	1.2285
342.5	1.2237
342.6	1.2287
342.7	1.2127
342.8	1.2133
342.9	1.2104
343	1.2093
343.1	1.2071
343.2	1.2028
343.3	1.2026
343.4	1.2077
343.5	1.1993
343.6	1.1952
343.7	1.1961
343.8	1.1857
343.9	1.1958
344	1.1891
344.1	1.182
344.2	1.1815
344.3	1.1881
344.4	1.1826
344.5	1.1723
344.6	1.1776
344.7	1.1819
344.8	1.177
344.9	1.177
345	1.1801
345.1	1.182
345.2	1.1822
345.3	1.1773
345.4	1.1779
345.5	1.192
345.6	1.1828
345.7	1.1806
345.8	1.1879
345.9	1.1845
346	1.1875
346.1	1.1922
346.2	1.1962
346.3	1.1949
346.4	1.2052
346.5	1.2128
346.6	1.2196
346.7	1.2317
346.8	1.2447
346.9	1.2483
347	1.2721
347.1	1.283
347.2	1.3075
347.3	1.3158
347.4	1.3207
347.5	1.3298
347.6	1.3375
347.7	1.3274
347.8	1.3389
347.9	1.3401
348	1.3355
348.1	1.3354
348.2	1.3311
348.3	1.3191
348.4	1.3125
348.5	1.2991
348.6	1.2889
348.7	1.2787
348.8	1.2656
348.9	1.2586
349	1.2402
349.1	1.2356
349.2	1.2207
349.3	1.2076
349.4	1.1951
349.5	1.1823
349.6	1.1734
349.7	1.1691
349.8	1.1633
349.9	1.1521
350	1.156
350.1	1.1534
350.2	1.1454
350.3	1.141
350.4	1.1432
350.5	1.1428
350.6	1.1361
350.7	1.1259
350.8	1.125
350.9	1.118
351	1.109
351.1	1.1111
351.2	1.1069
351.3	1.1004
351.4	1.0995
351.5	1.1007
351.6	1.1015
351.7	1.1068
351.8	1.1062
351.9	1.1113
352	1.1088
352.1	1.1151
352.2	1.1215
352.3	1.1292
352.4	1.1383
352.5	1.1535
352.6	1.1636
352.7	1.1821
352.8	1.1928
352.9	1.207
353	1.2145
353.1	1.2213
353.2	1.218
353.3	1.2179
353.4	1.2148
353.5	1.2141
353.6	1.2143
353.7	1.2175
353.8	1.2326
353.9	1.2637
354	1.3234
354.1	1.4088
354.2	1.5361
354.3	1.6971
354.4	1.879
354.5	2.0655
354.6	2.2169
354.7	2.2849
354.8	2.2793
354.9	2.2158
355	2.099
355.1	1.9644
355.2	1.8419
355.3	1.7404
355.4	1.6609
355.5	1.6162
355.6	1.5975
355.7	1.5929
355.8	1.6015
355.9	1.6234
356	1.6456
356.1	1.671
356.2	1.6947
356.3	1.7263
356.4	1.7538
356.5	1.7975
356.6	1.854
356.7	1.9385
356.8	2.0549
356.9	2.218
357	2.4257
357.1	2.6783
357.2	2.9528
357.3	3.2418
357.4	3.5029
357.5	3.7035
357.6	3.8023
357.7	3.7653
357.8	3.6055
357.9	3.3393
358	3.0303
358.1	2.7331
358.2	2.4685
358.3	2.2487
358.4	2.0783
358.5	1.9556
358.6	1.8614
358.7	1.7998
358.8	1.7604
358.9	1.7391
359	1.7231
359.1	1.7194
359.2	1.7214
359.3	1.7289
359.4	1.7479
359.5	1.7815
359.6	1.8281
359.7	1.9001
359.8	1.9918
359.9	2.1059
360	2.2388
360.1	2.3843
360.2	2.5182
360.3	2.6244
360.4	2.6715
360.5	2.6388
360.6	2.5332
360.7	2.3636
360.8	2.1686
360.9	1.9839
361	1.8277
361.1	1.7127
361.2	1.6326
361.3	1.5828
361.4	1.552
361.5	1.5328
361.6	1.5163
361.7	1.4981
361.8	1.4815
361.9	1.4608
362	1.4425
362.1	1.4336
362.2	1.4284
362.3	1.4296
362.4	1.4364
362.5	1.4418
362.6	1.4444
362.7	1.4395
362.8	1.4295
362.9	1.4074
363	1.3809
363.1	1.3502
363.2	1.3268
363.3	1.3198
363.4	1.3427
363.5	1.4162
363.6	1.548
363.7	1.7117
363.8	1.8775
363.9	2.0245
364	2.0807
364.1	2.0248
364.2	1.8936
364.3	1.7412
364.4	1.5723
364.5	1.4346
364.6	1.3333
364.7	1.2655
364.8	1.2237
364.9	1.1988
365	1.1909
365.1	1.1931
365.2	1.2091
365.3	1.2326
365.4	1.273
365.5	1.334
365.6	1.4341
365.7	1.5955
365.8	1.8397
365.9	2.1666
366	2.5633
366.1	3.017
366.2	3.4022
366.3	3.5515
366.4	3.3742
366.5	3.0157
366.6	2.5792
366.7	2.1675
366.8	1.8191
366.9	1.5878
367	1.4457
367.1	1.3843
367.2	1.4131
367.3	1.5368
367.4	1.7245
367.5	1.901
367.6	2.0334
367.7	2.0775
367.8	1.9764
367.9	1.7544
368	1.5142
368.1	1.3015
368.2	1.1205
368.3	0.99023
368.4	0.91321
368.5	0.86765
368.6	0.84487
368.7	0.82822
368.8	0.81634
368.9	0.80539
369	0.79776
369.1	0.79229
369.2	0.78591
369.3	0.78398
369.4	0.78578
369.5	0.78765
369.6	0.78864
369.7	0.78971
369.8	0.78978
369.9	0.78342
370	0.7741
370.1	0.76368
370.2	0.74814
370.3	0.74082
370.4	0.73544
370.5	0.74218
370.6	0.75423
370.7	0.77155
370.8	0.78938
370.9	0.80399
371	0.80858
371.1	0.80211
371.2	0.7885
371.3	0.77197
371.4	0.7561
371.5	0.7429
371.6	0.73597
371.7	0.73437
371.8	0.73864
371.9	0.74881
372	0.75712
372.1	0.76593
372.2	0.77693
372.3	0.78232
372.4	0.78391
372.5	0.77749
372.6	0.76427
372.7	0.7551
372.8	0.74114
372.9	0.73107
373	0.72921
373.1	0.73618
373.2	0.74832
373.3	0.76231
373.4	0.77759
373.5	0.78533
373.6	0.78158
373.7	0.76873
373.8	0.74554
373.9	0.72466
374	0.70212
374.1	0.68871
374.2	0.67988
374.3	0.67754
374.4	0.68251
374.5	0.69115
374.6	0.70388
374.7	0.72145
374.8	0.74096
374.9	0.7512
375	0.7593
375.1	0.75619
375.2	0.74003
375.3	0.71894
375.4	0.69485
375.5	0.67119
375.6	0.65794
375.7	0.64823
375.8	0.64992
375.9	0.65311
376	0.65863
376.1	0.6638
376.2	0.66824
376.3	0.66644
376.4	0.65977
376.5	0.64746
376.6	0.63707
376.7	0.62571
376.8	0.6165
376.9	0.60935
377	0.60577
377.1	0.60317
377.2	0.60112
377.3	0.59946
377.4	0.59687
377.5	0.59798
377.6	0.59604
377.7	0.59482
377.8	0.59277
377.9	0.59145
378	0.59145
378.1	0.5893
378.2	0.58812
378.3	0.58762
378.4	0.5844
378.5	0.58469
378.6	0.58394
378.7	0.58112
378.8	0.58229
378.9	0.58137
379	0.57944
379.1	0.5782
379.2	0.57592
379.3	0.57582
379.4	0.57564
379.5	0.57638
379.6	0.57464
379.7	0.57085
379.8	0.57336
379.9	0.57152
380	0.5723
380.1	0.57017
380.2	0.56823
380.3	0.56614
380.4	0.56738
380.5	0.56508
380.6	0.56466
380.7	0.56487
380.8	0.56423
380.9	0.56296
381	0.56218
381.1	0.5606
381.2	0.55912
381.3	0.55926
381.4	0.55901
381.5	0.55719
381.6	0.55512
381.7	0.55515
381.8	0.55455
381.9	0.55381
382	0.5535
382.1	0.5516
382.2	0.55041
382.3	0.54926
382.4	0.54915
382.5	0.54908
382.6	0.54639
382.7	0.5466
382.8	0.54681
382.9	0.54377
383	0.54419
383.1	0.5437
383.2	0.54394
383.3	0.54359
383.4	0.5398
383.5	0.54
383.6	0.54142
383.7	0.53896
383.8	0.53916
383.9	0.53715
384	0.53721
384.1	0.53496
384.2	0.53354
384.3	0.53336
384.4	0.5308
384.5	0.53246
384.6	0.5308
384.7	0.53031
384.8	0.53021
384.9	0.52862
385	0.52668
385.1	0.5262
385.2	0.52506
385.3	0.52323
385.4	0.52409
385.5	0.52556
385.6	0.52381
385.7	0.52735
385.8	0.52762
385.9	0.52617
386	0.52496
386.1	0.52516
386.2	0.52279
386.3	0.52052
386.4	0.51863
386.5	0.51702
386.6	0.51233
386.7	0.51359
386.8	0.50977
386.9	0.50867
387	0.50935
387.1	0.50799
387.2	0.50713
387.3	0.50638
387.4	0.50563
387.5	0.5045
387.6	0.50307
387.7	0.50337
387.8	0.50313
387.9	0.50126
388	0.50115
388.1	0.49888
388.2	0.50071
388.3	0.49722
388.4	0.49823
388.5	0.49717
388.6	0.49879
388.7	0.504
388.8	0.51062
388.9	0.51672
389	0.52318
389.1	0.5309
389.2	0.53613
389.3	0.5365
389.4	0.53583
389.5	0.53389
389.6	0.52708
389.7	0.51858
389.8	0.50788
389.9	0.50007
390	0.49278
390.1	0.48571
390.2	0.48309
390.3	0.48265
390.4	0.47966
390.5	0.47855
390.6	0.47818
390.7	0.47697
390.8	0.47563
390.9	0.47519
391	0.47405
391.1	0.47368
391.2	0.47301
391.3	0.47061
391.4	0.47107
391.5	0.47063
391.6	0.4685
391.7	0.46843
391.8	0.46839
391.9	0.46573
392	0.46469
392.1	0.46422
392.2	0.46468
392.3	0.46415
392.4	0.46295
392.5	0.46066
392.6	0.45989
392.7	0.45863
392.8	0.45932
392.9	0.45885
393	0.45904
393.1	0.45861
393.2	0.45794
393.3	0.45724
393.4	0.45401
393.5	0.45548
393.6	0.45327
393.7	0.45054
393.8	0.45129
393.9	0.45019
394	0.4497
394.1	0.44893
394.2	0.44529
394.3	0.44649
394.4	0.44714
394.5	0.44504
394.6	0.44369
394.7	0.44411
394.8	0.44358
394.9	0.44305
395	0.44118
395.1	0.44108
395.2	0.44078
395.3	0.43848
395.4	0.43939
395.5	0.43922
395.6	0.43948
395.7	0.43872
395.8	0.43698
395.9	0.43584
396	0.43433
396.1	0.43543
396.2	0.43399
396.3	0.43207
396.4	0.43219
396.5	0.43102
396.6	0.42871
396.7	0.4297
396.8	0.42772
396.9	0.42671
397	0.42758
397.1	0.42453
397.2	0.42474
397.3	0.42416
397.4	0.42434
397.5	0.42214
397.6	0.4251
397.7	0.42225
397.8	0.42053
397.9	0.42014
398	0.41884
398.1	0.4199
398.2	0.41751
398.3	0.41821
398.4	0.41701
398.5	0.41639
398.6	0.41548
398.7	0.41692
398.8	0.41469
398.9	0.41443
399	0.41436
399.1	0.41361
399.2	0.41405
399.3	0.41263
399.4	0.41147
399.5	0.41059
399.6	0.41155
399.7	0.40962
399.8	0.40817
399.9	0.40803
400	0.40703
400.1	0.40536
400.2	0.4043
400.3	0.40598
400.4	0.40444
400.5	0.40437
400.6	0.4035
400.7	0.40362
400.8	0.40173
400.9	0.40235
401	0.40183
401.1	0.40093
401.2	0.40013
401.3	0.40041
401.4	0.39986
401.5	0.39848
401.6	0.3979
401.7	0.3977
401.8	0.39829
401.9	0.39641
402	0.39634
402.1	0.39702
402.2	0.39651
402.3	0.39409
402.4	0.39331
402.5	0.39346
402.6	0.39231
402.7	0.39268
402.8	0.39274
402.9	0.39244
403	0.39113
403.1	0.39024
403.2	0.38922
403.3	0.38766
403.4	0.38891
403.5	0.38799
403.6	0.38836
403.7	0.38831
403.8	0.38742
403.9	0.38615
404	0.38607
404.1	0.38581
404.2	0.38567
404.3	0.3844
404.4	0.38411
404.5	0.38457
404.6	0.38447
404.7	0.38351
404.8	0.3807
404.9	0.38151
405	0.38143
405.1	0.38249
405.2	0.38198
405.3	0.38074
405.4	0.38048
405.5	0.37971
405.6	0.37951
405.7	0.37815
405.8	0.37867
405.9	0.378
406	0.37714
406.1	0.37707
406.2	0.37744
406.3	0.37683
406.4	0.37478
406.5	0.37662
406.6	0.37557
406.7	0.37399
406.8	0.37442
406.9	0.37375
407	0.37308
407.1	0.37423
407.2	0.37419
407.3	0.37227
407.4	0.37222
407.5	0.37237
407.6	0.37154
407.7	0.37194
407.8	0.37189
407.9	0.37051
408	0.36859
408.1	0.36961
408.2	0.36981
408.3	0.37018
408.4	0.36845
408.5	0.36872
408.6	0.36727
408.7	0.36903
408.8	0.36871
408.9	0.36888
409	0.36794
409.1	0.36696
409.2	0.36738
409.3	0.36622
409.4	0.36586
409.5	0.36594
409.6	0.36568
409.7	0.36545
409.8	0.3649
409.9	0.36495
410	0.36401
410.1	0.36452
410.2	0.36426
410.3	0.36428
410.4	0.36361
410.5	0.3631
410.6	0.36374
410.7	0.36323
410.8	0.36207
410.9	0.36184
411	0.36142
411.1	0.3614
411.2	0.36186
411.3	0.36178
411.4	0.36102
411.5	0.35995
411.6	0.36019
411.7	0.36082
411.8	0.3604
411.9	0.35937
412	0.35963
412.1	0.36042
412.2	0.35945
412.3	0.359
412.4	0.35963
412.5	0.35878
412.6	0.35868
412.7	0.35851
412.8	0.35871
412.9	0.35743
413	0.35855
413.1	0.35767
413.2	0.35824
413.3	0.35709
413.4	0.35707
413.5	0.35715
413.6	0.35664
413.7	0.35576
413.8	0.35781
413.9	0.3581
414	0.35602
414.1	0.35684
414.2	0.35549
414.3	0.35545
414.4	0.35605
414.5	0.35581
414.6	0.35617
414.7	0.35606
414.8	0.35561
414.9	0.3543
415	0.35536
415.1	0.35473
415.2	0.3537
415.3	0.35451
415.4	0.35372
415.5	0.35426
415.6	0.3536
415.7	0.35432
415.8	0.35421
415.9	0.35385
416	0.35319
416.1	0.35287
416.2	0.35303
416.3	0.35166
416.4	0.35266
416.5	0.35246
416.6	0.35081
416.7	0.35178
416.8	0.35188
416.9	0.35211
417	0.35096
417.1	0.35241
417.2	0.35138
417.3	0.35106
417.4	0.35153
417.5	0.35093
417.6	0.35057
417.7	0.35166
417.8	0.35121
417.9	0.35273
418	0.35108
418.1	0.35128
418.2	0.35138
418.3	0.35139
418.4	0.35257
418.5	0.35169
418.6	0.35149
418.7	0.3519
418.8	0.3509
418.9	0.35128
419	0.35077
419.1	0.35072
419.2	0.35064
419.3	0.34896
419.4	0.35063
419.5	0.3504
419.6	0.34952
419.7	0.35036
419.8	0.35034
419.9	0.35038
420	0.3503
420.1	0.35016
420.2	0.35041
420.3	0.35113
420.4	0.35175
420.5	0.3514
420.6	0.35107
420.7	0.35317
420.8	0.35397
420.9	0.35466
421	0.35393
421.1	0.35579
421.2	0.35543
421.3	0.35522
421.4	0.35523
421.5	0.35423
421.6	0.35365
421.7	0.35222
421.8	0.35168
421.9	0.35095
422	0.3509
422.1	0.35131
422.2	0.35147
422.3	0.34946
422.4	0.35057
422.5	0.35067
422.6	0.35001
422.7	0.35026
422.8	0.35048
422.9	0.35074
423	0.34965
423.1	0.34904
423.2	0.34942
423.3	0.34885
423.4	0.34754
423.5	0.34877
423.6	0.34875
423.7	0.3486
423.8	0.34944
423.9	0.34856
424	0.34869
424.1	0.34867
424.2	0.34926
424.3	0.35055
424.4	0.35534
424.5	0.35697
424.6	0.36017
424.7	0.36492
424.8	0.36715
424.9	0.36969
425	0.37041
425.1	0.36964
425.2	0.36628
425.3	0.36382
425.4	0.35922
425.5	0.35606
425.6	0.3546
425.7	0.3531
425.8	0.35271
425.9	0.35058
426	0.35009
426.1	0.34876
426.2	0.34895
426.3	0.34932
426.4	0.34881
426.5	0.34845
426.6	0.34882
426.7	0.34831
426.8	0.3495
426.9	0.34893
427	0.34909
427.1	0.34946
427.2	0.3498
427.3	0.35134
427.4	0.35235
427.5	0.35355
427.6	0.355
427.7	0.35638
427.8	0.35963
427.9	0.36219
428	0.36496
428.1	0.37008
428.2	0.37853
428.3	0.39106
428.4	0.405
428.5	0.4199
428.6	0.42978
428.7	0.43715
428.8	0.43907
428.9	0.43619
429	0.43064
429.1	0.42178
429.2	0.41283
429.3	0.40471
429.4	0.39547
429.5	0.38742
429.6	0.381
429.7	0.37589
429.8	0.37073
429.9	0.36642
430	0.36308
430.1	0.36148
430.2	0.35989
430.3	0.35806
430.4	0.35574
430.5	0.35632
430.6	0.35449
430.7	0.3541
430.8	0.35343
430.9	0.35233
431	0.3498
431.1	0.34859
431.2	0.34655
431.3	0.34537
431.4	0.34458
431.5	0.34231
431.6	0.34128
431.7	0.34004
431.8	0.33871
431.9	0.33814
432	0.33657
432.1	0.33706
432.2	0.3357
432.3	0.33567
432.4	0.33637
432.5	0.33604
432.6	0.33626
432.7	0.3369
432.8	0.3353
432.9	0.33636
433	0.33588
433.1	0.33573
433.2	0.33646
433.3	0.33773
433.4	0.33731
433.5	0.3391
433.6	0.34025
433.7	0.34062
433.8	0.34304
433.9	0.34359
434	0.34605
434.1	0.34687
434.2	0.34934
434.3	0.35141
434.4	0.35211
434.5	0.35446
434.6	0.35434
434.7	0.35593
434.8	0.35608
434.9	0.35724
435	0.35642
435.1	0.35624
435.2	0.35471
435.3	0.3556
435.4	0.35486
435.5	0.35737
435.6	0.35905
435.7	0.36428
435.8	0.37334
435.9	0.39256
436	0.43831
436.1	0.53629
436.2	0.67295
436.3	0.81953
436.4	0.95829
436.5	1.063
436.6	1.1017
436.7	1.0936
436.8	1.0733
436.9	1.0446
437	1.0018
437.1	0.92269
437.2	0.80535
437.3	0.67974
437.4	0.55891
437.5	0.45677
437.6	0.3883
437.7	0.35791
437.8	0.3445
437.9	0.33945
438	0.33523
438.1	0.33209
438.2	0.33077
438.3	0.32894
438.4	0.32918
438.5	0.32774
438.6	0.32702
438.7	0.32531
438.8	0.32513
438.9	0.32447
439	0.32294
439.1	0.32228
439.2	0.32088
439.3	0.31968
439.4	0.31777
439.5	0.31714
439.6	0.31545
439.7	0.31387
439.8	0.31306
439.9	0.31169
440	0.31217
440.1	0.3105
440.2	0.31024
440.3	0.30923
440.4	0.30845
440.5	0.30831
440.6	0.30857
440.7	0.30857
440.8	0.30911
440.9	0.30985
441	0.31226
441.1	0.31738
441.2	0.32652
441.3	0.33851
441.4	0.35242
441.5	0.36271
441.6	0.37027
441.7	0.36601
441.8	0.35594
441.9	0.34163
442	0.32839
442.1	0.31718
442.2	0.30924
442.3	0.30545
442.4	0.30264
442.5	0.30137
442.6	0.3006
442.7	0.29883
442.8	0.30018
442.9	0.29912
443	0.29959
443.1	0.29888
443.2	0.29767
443.3	0.29734
443.4	0.29693
443.5	0.29631
443.6	0.29557
443.7	0.2946
443.8	0.29428
443.9	0.2943
444	0.29304
444.1	0.29304
444.2	0.29224
444.3	0.29286
444.4	0.29306
444.5	0.29244
444.6	0.29203
444.7	0.29256
444.8	0.29358
444.9	0.29473
445	0.29599
445.1	0.29743
445.2	0.29713
445.3	0.29681
445.4	0.2941
445.5	0.29254
445.6	0.28963
445.7	0.28729
445.8	0.28591
445.9	0.2838
446	0.28392
446.1	0.28211
446.2	0.28248
446.3	0.28114
446.4	0.28172
446.5	0.28078
446.6	0.2802
446.7	0.27926
446.8	0.27955
446.9	0.27949
447	0.27902
447.1	0.27879
447.2	0.27817
447.3	0.27872
447.4	0.27802
447.5	0.2779
447.6	0.27787
447.7	0.27772
447.8	0.27766
447.9	0.27783
448	0.27716
448.1	0.27696
448.2	0.27815
448.3	0.27896
448.4	0.28105
448.5	0.2842
448.6	0.28925
448.7	0.29602
448.8	0.30231
448.9	0.30851
449	0.31102
449.1	0.31004
449.2	0.3053
449.3	0.29843
449.4	0.29086
449.5	0.2825
449.6	0.27656
449.7	0.27162
449.8	0.26976
449.9	0.26901
450	0.2673
450.1	0.26677
450.2	0.26524
450.3	0.26471
450.4	0.26483
450.5	0.26442
450.6	0.26288
450.7	0.26389
450.8	0.26357
450.9	0.26247
451	0.26273
451.1	0.26206
451.2	0.26182
451.3	0.26165
451.4	0.26061
451.5	0.26014
451.6	0.25971
451.7	0.26036
451.8	0.25953
451.9	0.25926
452	0.25776
452.1	0.25851
452.2	0.25856
452.3	0.25812
452.4	0.25858
452.5	0.25883
452.6	0.25849
452.7	0.25857
452.8	0.25885
452.9	0.25913
453	0.25898
453.1	0.25967
453.2	0.26038
453.3	0.25998
453.4	0.26112
453.5	0.26143
453.6	0.26241
453.7	0.26292
453.8	0.26378
453.9	0.26487
454	0.26512
454.1	0.26584
454.2	0.26661
454.3	0.26675
454.4	0.26689
454.5	0.26714
454.6	0.26642
454.7	0.26837
454.8	0.26767
454.9	0.26772
455	0.26827
455.1	0.26786
455.2	0.26753
455.3	0.26828
455.4	0.26827
455.5	0.27003
455.6	0.26907
455.7	0.26938
455.8	0.26871
455.9	0.26864
456	0.26872
456.1	0.26851
456.2	0.26805
456.3	0.26683
456.4	0.26647
456.5	0.26509
456.6	0.26485
456.7	0.2645
456.8	0.2638
456.9	0.26215
457	0.26157
457.1	0.26136
457.2	0.25983
457.3	0.25899
457.4	0.25801
457.5	0.25594
457.6	0.25674
457.7	0.25452
457.8	0.25432
457.9	0.2544
458	0.2545
458.1	0.25553
458.2	0.25589
458.3	0.25749
458.4	0.25754
458.5	0.2571
458.6	0.25807
458.7	0.25709
458.8	0.25648
458.9	0.2553
459	0.25409
459.1	0.25245
459.2	0.25016
459.3	0.24958
459.4	0.24826
459.5	0.24865
459.6	0.24722
459.7	0.24684
459.8	0.24758
459.9	0.24802
460	0.24822
460.1	0.24872
460.2	0.24985
460.3	0.25013
460.4	0.25198
460.5	0.25303
460.6	0.25605
460.7	0.25787
460.8	0.26173
460.9	0.2633
461	0.26442
461.1	0.26521
461.2	0.26569
461.3	0.26571
461.4	0.26426
461.5	0.26308
461.6	0.25963
461.7	0.25676
461.8	0.25286
461.9	0.24823
462	0.24526
462.1	0.24304
462.2	0.24334
462.3	0.24356
462.4	0.24677
462.5	0.24755
462.6	0.25227
462.7	0.25455
462.8	0.25737
462.9	0.25976
463	0.2615
463.1	0.26126
463.2	0.2616
463.3	0.25981
463.4	0.25737
463.5	0.25345
463.6	0.2499
463.7	0.24608
463.8	0.24153
463.9	0.23778
464	0.23458
464.1	0.2318
464.2	0.22802
464.3	0.22635
464.4	0.22451
464.5	0.22217
464.6	0.21986
464.7	0.22014
464.8	0.21825
464.9	0.2181
465	0.21742
465.1	0.21817
465.2	0.21813
465.3	0.21952
465.4	0.22005
465.5	0.22298
465.6	0.22539
465.7	0.22793
465.8	0.23274
465.9	0.23912
466	0.24508
466.1	0.2527
466.2	0.25945
466.3	0.26345
466.4	0.26513
466.5	0.26308
466.6	0.25935
466.7	0.25217
466.8	0.24452
466.9	0.23771
467	0.23006
467.1	0.22426
467.2	0.21909
467.3	0.21481
467.4	0.21173
467.5	0.20997
467.6	0.20834
467.7	0.20697
467.8	0.20713
467.9	0.2067
468	0.20622
468.1	0.20696
468.2	0.20664
468.3	0.20644
468.4	0.20635
468.5	0.20684
468.6	0.20611
468.7	0.20554
468.8	0.20434
468.9	0.20311
469	0.20279
469.1	0.20123
469.2	0.20136
469.3	0.20116
469.4	0.19971
469.5	0.19895
469.6	0.19864
469.7	0.19838
469.8	0.1985
469.9	0.19814
470	0.19741
470.1	0.19784
470.2	0.19863
470.3	0.19859
470.4	0.19828
470.5	0.19744
470.6	0.19751
470.7	0.19607
470.8	0.19492
470.9	0.19345
471	0.19284
471.1	0.19216
471.2	0.19075
471.3	0.19033
471.4	0.18911
471.5	0.18813
471.6	0.18724
471.7	0.18866
471.8	0.18821
471.9	0.18787
472	0.18767
472.1	0.18857
472.2	0.18921
472.3	0.19028
472.4	0.19035
472.5	0.19188
472.6	0.19344
472.7	0.19373
472.8	0.19611
472.9	0.19884
473	0.20167
473.1	0.20393
473.2	0.20747
473.3	0.21142
473.4	0.21581
473.5	0.21967
473.6	0.22106
473.7	0.22264
473.8	0.22265
473.9	0.22099
474	0.21735
474.1	0.21634
474.2	0.21259
474.3	0.21063
474.4	0.20971
474.5	0.20992
474.6	0.2099
474.7	0.21297
474.8	0.21677
474.9	0.2231
475	0.23183
475.1	0.23961
475.2	0.24773
475.3	0.25566
475.4	0.26152
475.5	0.26384
475.6	0.2676
475.7	0.27011
475.8	0.27198
475.9	0.27314
476	0.26923
476.1	0.26424
476.2	0.25476
476.3	0.24652
476.4	0.23993
476.5	0.23566
476.6	0.23655
476.7	0.24318
476.8	0.2543
476.9	0.26991
477	0.28699
477.1	0.30547
477.2	0.3236
477.3	0.34286
477.4	0.36235
477.5	0.3825
477.6	0.39973
477.7	0.41303
477.8	0.4187
477.9	0.41218
478	0.39467
478.1	0.37121
478.2	0.34497
478.3	0.32112
478.4	0.30039
478.5	0.28447
478.6	0.27195
478.7	0.26207
478.8	0.25273
478.9	0.24522
479	0.23866
479.1	0.23179
479.2	0.22746
479.3	0.2232
479.4	0.22223
479.5	0.22091
479.6	0.22346
479.7	0.22856
479.8	0.2346
479.9	0.24587
480	0.26165
480.1	0.28684
480.2	0.32505
480.3	0.36889
480.4	0.41643
480.5	0.46128
480.6	0.4935
480.7	0.5076
480.8	0.5007
480.9	0.48151
481	0.45643
481.1	0.43134
481.2	0.40871
481.3	0.38912
481.4	0.36656
481.5	0.34273
481.6	0.31715
481.7	0.29484
481.8	0.27364
481.9	0.25976
482	0.25109
482.1	0.24711
482.2	0.24868
482.3	0.25103
482.4	0.25436
482.5	0.25474
482.6	0.25234
482.7	0.2443
482.8	0.23475
482.9	0.2255
483	0.21796
483.1	0.21275
483.2	0.21013
483.3	0.20804
483.4	0.20474
483.5	0.20048
483.6	0.19529
483.7	0.18916
483.8	0.18283
483.9	0.17748
484	0.17298
484.1	0.1702
484.2	0.16783
484.3	0.16679
484.4	0.16624
484.5	0.1676
484.6	0.17086
484.7	0.17973
484.8	0.19249
484.9	0.20952
485	0.22581
485.1	0.24088
485.2	0.24706
485.3	0.24513
485.4	0.23718
485.5	0.22591
485.6	0.21541
485.7	0.20632
485.8	0.20043
485.9	0.19574
486	0.18929
486.1	0.18166
486.2	0.17384
486.3	0.16657
486.4	0.16245
486.5	0.15867
486.6	0.15712
486.7	0.15665
486.8	0.15757
486.9	0.15791
487	0.15886
487.1	0.16194
487.2	0.16611
487.3	0.17293
487.4	0.18134
487.5	0.18931
487.6	0.19666
487.7	0.20355
487.8	0.20816
487.9	0.21636
488	0.22406
488.1	0.23208
488.2	0.23839
488.3	0.24031
488.4	0.23765
488.5	0.2286
488.6	0.21756
488.7	0.20441
488.8	0.19388
488.9	0.18528
489	0.17743
489.1	0.16923
489.2	0.16171
489.3	0.1542
489.4	0.14757
489.5	0.14249
489.6	0.1392
489.7	0.13671
489.8	0.13542
489.9	0.13416
490	0.13427
490.1	0.13373
490.2	0.13297
490.3	0.13277
490.4	0.1323
490.5	0.13253
490.6	0.13248
490.7	0.13324
490.8	0.13402
490.9	0.13299
491	0.13444
491.1	0.13453
491.2	0.13507
491.3	0.13555
491.4	0.1345
491.5	0.13459
491.6	0.13341
491.7	0.13289
491.8	0.13179
491.9	0.13228
492	0.13171
492.1	0.13058
492.2	0.13027
492.3	0.13063
492.4	0.12945
492.5	0.13035
492.6	0.12973
492.7	0.12903
492.8	0.12806
492.9	0.12844
493	0.12779
493.1	0.12769
493.2	0.12791
493.3	0.12745
493.4	0.12867
493.5	0.12855
493.6	0.12798
493.7	0.12931
493.8	0.12932
493.9	0.12986
494	0.13069
494.1	0.12998
494.2	0.12936
494.3	0.12913
494.4	0.12877
494.5	0.12849
494.6	0.128
494.7	0.12727
494.8	0.12759
494.9	0.12694
495	0.12608
495.1	0.12543
495.2	0.12507
495.3	0.12659
495.4	0.12607
495.5	0.12732
495.6	0.12875
495.7	0.12937
495.8	0.13041
495.9	0.12952
496	0.12971
496.1	0.12924
496.2	0.12875
496.3	0.12863
496.4	0.12676
496.5	0.12585
496.6	0.12494
496.7	0.1236
496.8	0.12372
496.9	0.12254
497	0.12213
497.1	0.12177
497.2	0.12199
497.3	0.12187
497.4	0.1223
497.5	0.12228
497.6	0.12284
497.7	0.12385
497.8	0.12451
497.9	0.12547
498	0.12598
498.1	0.12717
498.2	0.12879
498.3	0.1298
498.4	0.12981
498.5	0.13085
498.6	0.13043
498.7	0.13031
498.8	0.12863
498.9	0.12769
499	0.12809
499.1	0.12702
499.2	0.1255
499.3	0.12637
499.4	0.12512
499.5	0.12631
499.6	0.12634
499.7	0.12635
499.8	0.12715
499.9	0.12797
500	0.12927
500.1	0.13049
500.2	0.13145
500.3	0.1345
500.4	0.13556
500.5	0.13787
500.6	0.13923
500.7	0.14051
500.8	0.14075
500.9	0.14164
501	0.14056
501.1	0.14069
501.2	0.14009
501.3	0.13867
501.4	0.13806
501.5	0.13722
501.6	0.1375
501.7	0.1374
501.8	0.13703
501.9	0.13754
502	0.13848
502.1	0.13893
502.2	0.14026
502.3	0.14152
502.4	0.14343
502.5	0.14535
502.6	0.14671
502.7	0.14893
502.8	0.1513
502.9	0.15363
503	0.15433
503.1	0.15615
503.2	0.1569
503.3	0.15736
503.4	0.15769
503.5	0.15703
503.6	0.15735
503.7	0.1565
503.8	0.15707
503.9	0.15673
504	0.15665
504.1	0.15535
504.2	0.15602
504.3	0.15536
504.4	0.15545
504.5	0.15601
504.6	0.15543
504.7	0.15546
504.8	0.15664
504.9	0.15694
505	0.15769
505.1	0.15944
505.2	0.16239
505.3	0.16271
505.4	0.16467
505.5	0.16667
505.6	0.16839
505.7	0.17087
505.8	0.17224
505.9	0.17268
506	0.17457
506.1	0.17503
506.2	0.17539
506.3	0.17717
506.4	0.17701
506.5	0.17729
506.6	0.17829
506.7	0.17727
506.8	0.17733
506.9	0.17717
507	0.17698
507.1	0.17558
507.2	0.17497
507.3	0.17476
507.4	0.17384
507.5	0.17358
507.6	0.17312
507.7	0.17348
507.8	0.17332
507.9	0.17424
508	0.17411
508.1	0.17605
508.2	0.17662
508.3	0.17811
508.4	0.181
508.5	0.18387
508.6	0.18634
508.7	0.18984
508.8	0.19534
508.9	0.19927
509	0.20361
509.1	0.2083
509.2	0.21324
509.3	0.21732
509.4	0.22054
509.5	0.22287
509.6	0.22649
509.7	0.22727
509.8	0.22968
509.9	0.22987
510	0.22913
510.1	0.22893
510.2	0.22819
510.3	0.22512
510.4	0.22078
510.5	0.21769
510.6	0.21335
510.7	0.2091
510.8	0.20567
510.9	0.2016
511	0.19915
511.1	0.19705
511.2	0.19471
511.3	0.19322
511.4	0.19338
511.5	0.19183
511.6	0.1908
511.7	0.19021
511.8	0.18959
511.9	0.18872
512	0.18796
512.1	0.18721
512.2	0.18802
512.3	0.18656
512.4	0.18645
512.5	0.18632
512.6	0.18597
512.7	0.18605
512.8	0.18578
512.9	0.18652
513	0.18579
513.1	0.18711
513.2	0.18712
513.3	0.18701
513.4	0.18785
513.5	0.18877
513.6	0.19094
513.7	0.19249
513.8	0.19385
513.9	0.19603
514	0.19908
514.1	0.20104
514.2	0.20494
514.3	0.20771
514.4	0.21047
514.5	0.2141
514.6	0.21613
514.7	0.2194
514.8	0.22062
514.9	0.22279
515	0.22296
515.1	0.22268
515.2	0.2218
515.3	0.22103
515.4	0.21778
515.5	0.21621
515.6	0.21281
515.7	0.2099
515.8	0.2067
515.9	0.20298
516	0.20127
516.1	0.19933
516.2	0.20009
516.3	0.20113
516.4	0.20369
516.5	0.21001
516.6	0.22028
516.7	0.23607
516.8	0.26094
516.9	0.28985
517	0.32483
517.1	0.3561
517.2	0.38271
517.3	0.39741
517.4	0.40279
517.5	0.40491
517.6	0.40989
517.7	0.41824
517.8	0.43149
517.9	0.44341
518	0.45113
518.1	0.45193
518.2	0.44794
518.3	0.44186
518.4	0.44008
518.5	0.44367
518.6	0.45173
518.7	0.46002
518.8	0.46546
518.9	0.46435
519	0.4541
519.1	0.44
519.2	0.42428
519.3	0.40876
519.4	0.39352
519.5	0.38101
519.6	0.36929
519.7	0.36088
519.8	0.35239
519.9	0.3494
520	0.35005
520.1	0.35588
520.2	0.36735
520.3	0.38357
520.4	0.40292
520.5	0.42492
520.6	0.44882
520.7	0.47669
520.8	0.50609
520.9	0.53771
521	0.57014
521.1	0.59701
521.2	0.62093
521.3	0.63557
521.4	0.64425
521.5	0.64965
521.6	0.65042
521.7	0.64699
521.8	0.6346
521.9	0.61281
522	0.57897
522.1	0.53747
522.2	0.49204
522.3	0.44473
522.4	0.40291
522.5	0.3675
522.6	0.33604
522.7	0.31234
522.8	0.29526
522.9	0.28033
523	0.2707
523.1	0.26225
523.2	0.2568
523.3	0.25263
523.4	0.25134
523.5	0.25097
523.6	0.25114
523.7	0.25194
523.8	0.25255
523.9	0.25495
524	0.25671
524.1	0.25766
524.2	0.25903
524.3	0.26021
524.4	0.26062
524.5	0.25978
524.6	0.25784
524.7	0.25635
524.8	0.25408
524.9	0.25248
525	0.2522
525.1	0.25219
525.2	0.25373
525.3	0.25719
525.4	0.26131
525.5	0.26755
525.6	0.27389
525.7	0.28034
525.8	0.28806
525.9	0.29288
526	0.2953
526.1	0.29589
526.2	0.29326
526.3	0.2867
526.4	0.27809
526.5	0.26849
526.6	0.258
526.7	0.24803
526.8	0.23832
526.9	0.23027
527	0.22384
527.1	0.21805
527.2	0.21363
527.3	0.21062
527.4	0.20781
527.5	0.20609
527.6	0.20562
527.7	0.20565
527.8	0.206
527.9	0.20847
528	0.21073
528.1	0.21341
528.2	0.21661
528.3	0.22077
528.4	0.22305
528.5	0.22574
528.6	0.22766
528.7	0.22846
528.8	0.22928
528.9	0.22983
529	0.23004
529.1	0.22993
529.2	0.23047
529.3	0.23232
529.4	0.23223
529.5	0.2327
529.6	0.23283
529.7	0.23293
529.8	0.23345
529.9	0.23367
530	0.23386
530.1	0.23482
530.2	0.23595
530.3	0.2378
530.4	0.23951
530.5	0.24325
530.6	0.24594
530.7	0.24994
530.8	0.2549
530.9	0.25974
531	0.26422
531.1	0.26848
531.2	0.27157
531.3	0.27464
531.4	0.28051
531.5	0.28669
531.6	0.29548
531.7	0.30905
531.8	0.32889
531.9	0.35232
532	0.37697
532.1	0.40041
532.2	0.42377
532.3	0.4478
532.4	0.47892
532.5	0.52556
532.6	0.58552
532.7	0.65062
532.8	0.71341
532.9	0.75477
533	0.76556
533.1	0.74126
533.2	0.69525
533.3	0.64569
533.4	0.6031
533.5	0.58314
533.6	0.59188
533.7	0.63069
533.8	0.69632
533.9	0.7768
534	0.85975
534.1	0.92505
534.2	0.95041
534.3	0.92602
534.4	0.85326
534.5	0.75687
534.6	0.65321
534.7	0.56422
534.8	0.49396
534.9	0.44377
535	0.40649
535.1	0.37671
535.2	0.35028
535.3	0.32511
535.4	0.30227
535.5	0.2816
535.6	0.2668
535.7	0.25244
535.8	0.24501
535.9	0.23664
536	0.23258
536.1	0.22921
536.2	0.22937
536.3	0.23049
536.4	0.23291
536.5	0.23735
536.6	0.24185
536.7	0.24884
536.8	0.25663
536.9	0.27021
537	0.28919
537.1	0.32075
537.2	0.37693
537.3	0.47066
537.4	0.62301
537.5	0.81838
537.6	1.0486
537.7	1.2437
537.8	1.3481
537.9	1.3248
538	1.2082
538.1	1.0819
538.2	0.99992
538.3	0.979
538.4	1.0121
538.5	1.0648
538.6	1.0845
538.7	1.024
538.8	0.89043
538.9	0.72305
539	0.56798
539.1	0.44244
539.2	0.35479
539.3	0.30109
539.4	0.26616
539.5	0.24446
539.6	0.23007
539.7	0.21898
539.8	0.21131
539.9	0.20559
540	0.2023
540.1	0.19902
540.2	0.19847
540.3	0.20131
540.4	0.20537
540.5	0.21409
540.6	0.22911
540.7	0.24939
540.8	0.28302
540.9	0.33898
541	0.43545
541.1	0.58574
541.2	0.7894
541.3	1.0232
541.4	1.2409
541.5	1.3899
541.6	1.3999
541.7	1.3222
541.8	1.2553
541.9	1.2515
542	1.3316
542.1	1.4739
542.2	1.623
542.3	1.6758
542.4	1.5589
542.5	1.3205
542.6	1.0324
542.7	0.77937
542.8	0.571
542.9	0.43628
543	0.3487
543.1	0.29898
543.2	0.2661
543.3	0.24393
543.4	0.22936
543.5	0.21856
543.6	0.2104
543.7	0.2048
543.8	0.20122
543.9	0.19853
544	0.19715
544.1	0.1976
544.2	0.19911
544.3	0.20343
544.4	0.20917
544.5	0.21738
544.6	0.22788
544.7	0.23946
544.8	0.25245
544.9	0.26538
545	0.27806
545.1	0.28723
545.2	0.29434
545.3	0.29601
545.4	0.29236
545.5	0.28442
545.6	0.26968
545.7	0.2495
545.8	0.2277
545.9	0.2043
546	0.18253
546.1	0.16581
546.2	0.15168
546.3	0.1418
546.4	0.13369
546.5	0.12881
546.6	0.12524
546.7	0.12269
546.8	0.12085
546.9	0.11916
547	0.11861
547.1	0.11764
547.2	0.11709
547.3	0.11639
547.4	0.11545
547.5	0.11387
547.6	0.1117
547.7	0.10992
547.8	0.10978
547.9	0.10906
548	0.10856
548.1	0.11023
548.2	0.11143
548.3	0.1139
548.4	0.11924
548.5	0.12626
548.6	0.13532
548.7	0.14951
548.8	0.1715
548.9	0.20226
549	0.24234
549.1	0.28462
549.2	0.32094
549.3	0.34799
549.4	0.35117
549.5	0.33379
549.6	0.29951
549.7	0.2578
549.8	0.22002
549.9	0.1879
550	0.16652
550.1	0.15435
550.2	0.14753
550.3	0.14613
550.4	0.14862
550.5	0.15395
550.6	0.1585
550.7	0.16593
550.8	0.17254
550.9	0.17738
551	0.17675
551.1	0.17331
551.2	0.16557
551.3	0.15544
551.4	0.14293
551.5	0.13281
551.6	0.12216
551.7	0.11478
551.8	0.1079
551.9	0.10333
552	0.099683
552.1	0.097247
552.2	0.095529
552.3	0.094425
552.4	0.093882
552.5	0.094003
552.6	0.093665
552.7	0.093148
552.8	0.09411
552.9	0.093976
553	0.094556
553.1	0.09358
553.2	0.09444
553.3	0.092444
553.4	0.091444
553.5	0.089935
553.6	0.089267
553.7	0.088116
553.8	0.087067
553.9	0.087289
554	0.087663
554.1	0.088216
554.2	0.089251
554.3	0.091815
554.4	0.094509
554.5	0.099916
554.6	0.1039
554.7	0.10949
554.8	0.11381
554.9	0.11552
555	0.11498
555.1	0.11324
555.2	0.10904
555.3	0.10288
555.4	0.098341
555.5	0.093587
555.6	0.090346
555.7	0.087619
555.8	0.086317
555.9	0.084026
556	0.083639
556.1	0.08348
556.2	0.083903
556.3	0.086052
556.4	0.087745
556.5	0.088932
556.6	0.092639
556.7	0.096378
556.8	0.098565
556.9	0.098558
557	0.099546
557.1	0.097852
557.2	0.095446
557.3	0.091974
557.4	0.087441
557.5	0.085226
557.6	0.083242
557.7	0.081411
557.8	0.080164
557.9	0.078943
558	0.079517
558.1	0.078094
558.2	0.078794
558.3	0.078685
558.4	0.078374
558.5	0.078821
558.6	0.078662
558.7	0.078225
558.8	0.079202
558.9	0.079801
559	0.078631
559.1	0.080999
559.2	0.080814
559.3	0.081768
559.4	0.083405
559.5	0.08403
559.6	0.08463
559.7	0.085484
559.8	0.086338
559.9	0.088512
560	0.090714
560.1	0.092409
560.2	0.095634
560.3	0.099171
560.4	0.10481
560.5	0.1097
560.6	0.11468
560.7	0.11838
560.8	0.12072
560.9	0.12211
561	0.1184
561.1	0.11667
561.2	0.11192
561.3	0.10614
561.4	0.10209
561.5	0.098811
561.6	0.095462
561.7	0.094816
561.8	0.093713
561.9	0.093679
562	0.093339
562.1	0.094017
562.2	0.094212
562.3	0.09624
562.4	0.097429
562.5	0.096426
562.6	0.096876
562.7	0.097631
562.8	0.099484
562.9	0.10009
563	0.10026
563.1	0.10045
563.2	0.10175
563.3	0.10184
563.4	0.10229
563.5	0.10248
563.6	0.1013
563.7	0.10114
563.8	0.10179
563.9	0.10245
564	0.10274
564.1	0.10452
564.2	0.10551
564.3	0.10811
564.4	0.10972
564.5	0.1112
564.6	0.11347
564.7	0.11578
564.8	0.11767
564.9	0.12127
565	0.12374
565.1	0.12665
565.2	0.1303
565.3	0.13275
565.4	0.13534
565.5	0.13868
565.6	0.14021
565.7	0.14346
565.8	0.14515
565.9	0.14657
566	0.14742
566.1	0.14754
566.2	0.14722
566.3	0.14768
566.4	0.14717
566.5	0.14726
566.6	0.14793
566.7	0.14865
566.8	0.14854
566.9	0.14855
567	0.14844
567.1	0.14897
567.2	0.14938
567.3	0.15031
567.4	0.15038
567.5	0.15257
567.6	0.15426
567.7	0.15501
567.8	0.15566
567.9	0.15759
568	0.15753
568.1	0.15836
568.2	0.15961
568.3	0.16181
568.4	0.16533
568.5	0.16669
568.6	0.1685
568.7	0.17016
568.8	0.17115
568.9	0.17172
569	0.1703
569.1	0.16913
569.2	0.16861
569.3	0.16749
569.4	0.16845
569.5	0.17056
569.6	0.17092
569.7	0.17353
569.8	0.17638
569.9	0.17878
570	0.18026
570.1	0.18205
570.2	0.18532
570.3	0.18707
570.4	0.19002
570.5	0.19051
570.6	0.19293
570.7	0.19257
570.8	0.19136
570.9	0.19153
571	0.18874
571.1	0.18368
571.2	0.18404
571.3	0.17902
571.4	0.17686
571.5	0.17589
571.6	0.17445
571.7	0.17457
571.8	0.17471
571.9	0.17491
572	0.17503
572.1	0.17592
572.2	0.17614
572.3	0.176
572.4	0.17869
572.5	0.18163
572.6	0.18521
572.7	0.18912
572.8	0.19416
572.9	0.20032
573	0.2077
573.1	0.21363
573.2	0.22031
573.3	0.22655
573.4	0.23219
573.5	0.23668
573.6	0.24139
573.7	0.24786
573.8	0.2527
573.9	0.25902
574	0.26778
574.1	0.2741
574.2	0.28082
574.3	0.28741
574.4	0.29195
574.5	0.29495
574.6	0.29725
574.7	0.29834
574.8	0.30008
574.9	0.3042
575	0.30949
575.1	0.31541
575.2	0.323
575.3	0.32935
575.4	0.33657
575.5	0.34169
575.6	0.34919
575.7	0.35773
575.8	0.36693
575.9	0.37933
576	0.39488
576.1	0.41308
576.2	0.43489
576.3	0.46339
576.4	0.49569
576.5	0.53544
576.6	0.58719
576.7	0.65221
576.8	0.73521
576.9	0.84971
577	1.0143
577.1	1.2432
577.2	1.569
577.3	2.0068
577.4	2.5999
577.5	3.3345
577.6	4.1469
577.7	4.686
577.8	4.566
577.9	4.0031
578	3.4681
578.1	3.1465
578.2	3.0608
578.3	3.1846
578.4	3.4627
578.5	3.7402
578.6	3.781
578.7	3.4679
578.8	2.9433
578.9	2.3923
579	1.9294
579.1	1.5706
579.2	1.3209
579.3	1.1494
579.4	1.0472
579.5	0.99254
579.6	0.97306
579.7	0.98625
579.8	1.03
579.9	1.1077
580	1.2252
580.1	1.3913
580.2	1.6217
580.3	1.9314
580.4	2.3564
580.5	2.8795
580.6	3.5243
580.7	4.2214
580.8	4.8711
580.9	5.1973
581	5.1421
581.1	4.8883
581.2	4.6354
581.3	4.5154
581.4	4.5592
581.5	4.7575
581.6	5.0614
581.7	5.3469
581.8	5.3391
581.9	4.9105
582	4.2255
582.1	3.4882
582.2	2.8559
582.3	2.3105
582.4	1.8904
582.5	1.5515
582.6	1.2906
582.7	1.0914
582.8	0.94274
582.9	0.83453
583	0.75529
583.1	0.69875
583.2	0.66019
583.3	0.63794
583.4	0.62994
583.5	0.63734
583.6	0.67095
583.7	0.74313
583.8	0.89036
583.9	1.1237
584	1.4197
584.1	1.7555
584.2	2.0264
584.3	2.1012
584.4	1.9152
584.5	1.5936
584.6	1.2917
584.7	1.0686
584.8	0.98081
584.9	1.0084
585	1.0951
585.1	1.1938
585.2	1.2335
585.3	1.1652
585.4	1.0161
585.5	0.84514
585.6	0.68351
585.7	0.55647
585.8	0.47089
585.9	0.4227
586	0.3938
586.1	0.37822
586.2	0.37135
586.3	0.37335
586.4	0.38166
586.5	0.39306
586.6	0.40896
586.7	0.42982
586.8	0.4565
586.9	0.48481
587	0.51
587.1	0.52759
587.2	0.52931
587.3	0.51337
587.4	0.48524
587.5	0.46155
587.6	0.44987
587.7	0.4607
587.8	0.49523
587.9	0.54109
588	0.58879
588.1	0.62422
588.2	0.63479
588.3	0.62044
588.4	0.59141
588.5	0.55824
588.6	0.52657
588.7	0.5076
588.8	0.49794
588.9	0.49619
589	0.5005
589.1	0.50891
589.2	0.52301
589.3	0.54295
589.4	0.56981
589.5	0.60541
589.6	0.64626
589.7	0.69261
589.8	0.74102
589.9	0.7873
590	0.82793
590.1	0.86701
590.2	0.9042
590.3	0.94913
590.4	1.0117
590.5	1.1029
590.6	1.226
590.7	1.396
590.8	1.6217
590.9	1.9041
591	2.2609
591.1	2.6959
591.2	3.2661
591.3	3.9221
591.4	4.69
591.5	5.4956
591.6	6.2784
591.7	6.7417
591.8	6.7253
591.9	6.301
592	5.6907
592.1	5.1058
592.2	4.6036
592.3	4.2055
592.4	3.8919
592.5	3.6305
592.6	3.4159
592.7	3.2115
592.8	2.9933
592.9	2.7513
593	2.523
593.1	2.2866
593.2	2.0611
593.3	1.8413
593.4	1.6251
593.5	1.4072
593.6	1.2064
593.7	1.0245
593.8	0.86834
593.9	0.74449
594	0.64933
594.1	0.58336
594.2	0.53714
594.3	0.50665
594.4	0.4853
594.5	0.47104
594.6	0.46063
594.7	0.45616
594.8	0.45475
594.9	0.4558
595	0.45945
595.1	0.4674
595.2	0.47776
595.3	0.4952
595.4	0.52011
595.5	0.56224
595.6	0.63104
595.7	0.74906
595.8	0.94278
595.9	1.2381
596	1.632
596.1	2.1205
596.2	2.617
596.3	2.9484
596.4	2.9444
596.5	2.6855
596.6	2.3949
596.7	2.238
596.8	2.2807
596.9	2.5444
597	3.0596
597.1	3.7847
597.2	4.6185
597.3	5.076
597.4	4.7179
597.5	3.9183
597.6	3.0886
597.7	2.4231
597.8	1.9012
597.9	1.5131
598	1.2341
598.1	1.0321
598.2	0.89002
598.3	0.79233
598.4	0.72847
598.5	0.68211
598.6	0.64867
598.7	0.62581
598.8	0.6087
598.9	0.595
599	0.58413
599.1	0.57279
599.2	0.56184
599.3	0.55325
599.4	0.54595
599.5	0.5437
599.6	0.54647
599.7	0.55158
599.8	0.55775
599.9	0.56241
600	0.56471
600.1	0.56582
600.2	0.56975
600.3	0.57901
600.4	0.59747
600.5	0.6259
600.6	0.66421
600.7	0.70839
600.8	0.75459
600.9	0.797
601	0.82978
601.1	0.84752
601.2	0.85156
601.3	0.84349
601.4	0.83007
601.5	0.81582
601.6	0.81164
601.7	0.82995
601.8	0.8813
601.9	0.98483
602	1.1786
602.1	1.4724
602.2	1.9005
602.3	2.4885
602.4	3.2971
602.5	4.2347
602.6	5.0213
602.7	5.0626
602.8	4.3349
602.9	3.4769
603	2.7998
603.1	2.3614
603.2	2.1505
603.3	2.1467
603.4	2.3246
603.5	2.5962
603.6	2.7757
603.7	2.6702
603.8	2.2893
603.9	1.796
604	1.3584
604.1	1.0104
604.2	0.76455
604.3	0.59609
604.4	0.48797
604.5	0.41711
604.6	0.37007
604.7	0.33924
604.8	0.31706
604.9	0.3023
605	0.29358
605.1	0.28858
605.2	0.28928
605.3	0.29439
605.4	0.30387
605.5	0.31858
605.6	0.33256
605.7	0.34579
605.8	0.35238
605.9	0.35326
606	0.34788
606.1	0.33896
606.2	0.3301
606.3	0.32405
606.4	0.32298
606.5	0.32697
606.6	0.33436
606.7	0.34396
606.8	0.35579
606.9	0.36628
607	0.3745
607.1	0.38057
607.2	0.38369
607.3	0.38452
607.4	0.38311
607.5	0.38003
607.6	0.37426
607.7	0.36416
607.8	0.35195
607.9	0.33829
608	0.31998
608.1	0.30207
608.2	0.28296
608.3	0.26545
608.4	0.24767
608.5	0.23358
608.6	0.22151
608.7	0.21255
608.8	0.20561
608.9	0.20065
609	0.19855
609.1	0.19872
609.2	0.1995
609.3	0.20209
609.4	0.20648
609.5	0.21166
609.6	0.2182
609.7	0.2273
609.8	0.2355
609.9	0.24308
610	0.24836
610.1	0.24694
610.2	0.2432
610.3	0.23365
610.4	0.22172
610.5	0.20981
610.6	0.19881
610.7	0.18996
610.8	0.18422
610.9	0.18047
611	0.17845
611.1	0.17829
611.2	0.17936
611.3	0.18308
611.4	0.18687
611.5	0.19176
611.6	0.20052
611.7	0.21248
611.8	0.23021
611.9	0.25544
612	0.29062
612.1	0.33473
612.2	0.38442
612.3	0.43569
612.4	0.48037
612.5	0.50808
612.6	0.51277
612.7	0.49189
612.8	0.4495
612.9	0.39638
613	0.33978
613.1	0.29151
613.2	0.2523
613.3	0.22436
613.4	0.20492
613.5	0.19381
613.6	0.1874
613.7	0.18492
613.8	0.18569
613.9	0.19036
614	0.19596
614.1	0.2049
614.2	0.21657
614.3	0.2302
614.4	0.24642
614.5	0.26294
614.6	0.27799
614.7	0.29186
614.8	0.30303
614.9	0.30814
615	0.30921
615.1	0.30403
615.2	0.29193
615.3	0.27713
615.4	0.25701
615.5	0.23737
615.6	0.21696
615.7	0.19776
615.8	0.18073
615.9	0.16749
616	0.15606
616.1	0.14783
616.2	0.14113
616.3	0.1349
616.4	0.13072
616.5	0.1278
616.6	0.12619
616.7	0.12381
616.8	0.12303
616.9	0.12316
617	0.12427
617.1	0.12409
617.2	0.12538
617.3	0.12475
617.4	0.12508
617.5	0.12481
617.6	0.1253
617.7	0.1252
617.8	0.12613
617.9	0.12678
618	0.12886
618.1	0.13064
618.2	0.13475
618.3	0.13896
618.4	0.14519
618.5	0.15336
618.6	0.1647
618.7	0.17966
618.8	0.19975
618.9	0.22619
619	0.25762
619.1	0.28995
619.2	0.32235
619.3	0.34563
619.4	0.35654
619.5	0.35024
619.6	0.32925
619.7	0.29581
619.8	0.25924
619.9	0.22548
620	0.1968
620.1	0.17313
620.2	0.15441
620.3	0.13932
620.4	0.12725
620.5	0.1174
620.6	0.1098
620.7	0.10362
620.8	0.098398
620.9	0.094221
621	0.091285
621.1	0.088102
621.2	0.086704
621.3	0.083729
621.4	0.083184
621.5	0.08264
621.6	0.08107
621.7	0.079952
621.8	0.079509
621.9	0.07924
622	0.078147
622.1	0.078278
622.2	0.07771
622.3	0.076943
622.4	0.076724
622.5	0.077029
622.6	0.077235
622.7	0.077939
622.8	0.078393
622.9	0.078399
623	0.079403
623.1	0.080258
623.2	0.080688
623.3	0.082218
623.4	0.083824
623.5	0.085031
623.6	0.086915
623.7	0.090633
623.8	0.095616
623.9	0.10001
624	0.10304
624.1	0.10586
624.2	0.10566
624.3	0.10506
624.4	0.10478
624.5	0.10459
624.6	0.10492
624.7	0.10956
624.8	0.11482
624.9	0.12431
625	0.13359
625.1	0.14167
625.2	0.14749
625.3	0.15042
625.4	0.15035
625.5	0.15313
625.6	0.15942
625.7	0.16903
625.8	0.18412
625.9	0.20745
626	0.2391
626.1	0.27946
626.2	0.3319
626.3	0.39772
626.4	0.47594
626.5	0.56477
626.6	0.65619
626.7	0.73786
626.8	0.79521
626.9	0.8149
627	0.79137
627.1	0.72834
627.2	0.63846
627.3	0.53204
627.4	0.43099
627.5	0.34216
627.6	0.26898
627.7	0.21382
627.8	0.17777
627.9	0.15266
628	0.13585
628.1	0.12456
628.2	0.11567
628.3	0.10864
628.4	0.099952
628.5	0.091504
628.6	0.083943
628.7	0.077509
628.8	0.071768
628.9	0.069588
629	0.066569
629.1	0.064668
629.2	0.064079
629.3	0.063985
629.4	0.063372
629.5	0.063575
629.6	0.065113
629.7	0.069628
629.8	0.074302
629.9	0.07976
630	0.084459
630.1	0.08614
630.2	0.084244
630.3	0.080103
630.4	0.073858
630.5	0.069368
630.6	0.067068
630.7	0.069428
630.8	0.075841
630.9	0.086727
631	0.096769
631.1	0.10646
631.2	0.10905
631.3	0.10601
631.4	0.096635
631.5	0.086953
631.6	0.076998
631.7	0.068334
631.8	0.063586
631.9	0.061368
632	0.059447
632.1	0.05923
632.2	0.058791
632.3	0.057686
632.4	0.057198
632.5	0.056686
632.6	0.056887
632.7	0.056744
632.8	0.056207
632.9	0.056113
633	0.055355
633.1	0.055433
633.2	0.055438
633.3	0.05436
633.4	0.054365
633.5	0.054689
633.6	0.055579
633.7	0.054944
633.8	0.054555
633.9	0.054658
634	0.055179
634.1	0.056758
634.2	0.059226
634.3	0.06439
634.4	0.068898
634.5	0.072052
634.6	0.074888
634.7	0.073451
634.8	0.070402
634.9	0.066072
635	0.062122
635.1	0.058673
635.2	0.059688
635.3	0.064976
635.4	0.076337
635.5	0.08932
635.6	0.10242
635.7	0.11335
635.8	0.11426
635.9	0.10596
636	0.093299
636.1	0.081321
636.2	0.070583
636.3	0.065981
636.4	0.065144
636.5	0.069405
636.6	0.073675
636.7	0.077457
636.8	0.081596
636.9	0.085744
637	0.084873
637.1	0.080984
637.2	0.079991
637.3	0.080642
637.4	0.083739
637.5	0.09067
637.6	0.096948
637.7	0.098988
637.8	0.096301
637.9	0.090634
638	0.081341
638.1	0.07249
638.2	0.06467
638.3	0.060084
638.4	0.056517
638.5	0.054603
638.6	0.053329
638.7	0.053161
638.8	0.051864
638.9	0.051598
639	0.051724
639.1	0.050992
639.2	0.051217
639.3	0.050755
639.4	0.050906
639.5	0.050713
639.6	0.050643
639.7	0.0505
639.8	0.051141
639.9	0.050189
640	0.050781
640.1	0.051103
640.2	0.05172
640.3	0.05192
640.4	0.051678
640.5	0.052737
640.6	0.053575
640.7	0.053947
640.8	0.054565
640.9	0.053513
641	0.053712
641.1	0.052464
641.2	0.051781
641.3	0.052275
641.4	0.051567
641.5	0.051693
641.6	0.051598
641.7	0.051332
641.8	0.052758
641.9	0.052369
642	0.052716
642.1	0.052474
642.2	0.051717
642.3	0.052039
642.4	0.050939
642.5	0.050722
642.6	0.049843
642.7	0.049528
642.8	0.048846
642.9	0.049119
643	0.049293
643.1	0.049125
643.2	0.048614
643.3	0.049156
643.4	0.049062
643.5	0.047841
643.6	0.04875
643.7	0.048778
643.8	0.04883
643.9	0.048539
644	0.049008
644.1	0.048668
644.2	0.049063
644.3	0.049262
644.4	0.048849
644.5	0.049391
644.6	0.049957
644.7	0.050328
644.8	0.051801
644.9	0.05303
645	0.054015
645.1	0.055786
645.2	0.056379
645.3	0.056922
645.4	0.056311
645.5	0.05565
645.6	0.054327
645.7	0.052956
645.8	0.051807
645.9	0.051393
646	0.051053
646.1	0.051399
646.2	0.051671
646.3	0.052434
646.4	0.054498
646.5	0.055089
646.6	0.05664
646.7	0.0562
646.8	0.055859
646.9	0.054143
647	0.053361
647.1	0.052064
647.2	0.051038
647.3	0.051555
647.4	0.050872
647.5	0.050556
647.6	0.050412
647.7	0.050709
647.8	0.049683
647.9	0.050102
648	0.049688
648.1	0.049814
648.2	0.050649
648.3	0.050406
648.4	0.050434
648.5	0.050044
648.6	0.049655
648.7	0.049389
648.8	0.049563
648.9	0.048782
649	0.047953
649.1	0.048959
649.2	0.048252
649.3	0.048817
649.4	0.048379
649.5	0.048969
649.6	0.048849
649.7	0.049488
649.8	0.049074
649.9	0.049199
650	0.048565
650.1	0.049302
650.2	0.049157
650.3	0.049992
650.4	0.048966
650.5	0.049531
650.6	0.04902
650.7	0.048509
650.8	0.048976
650.9	0.048807
651	0.049054
651.1	0.049056
651.2	0.048594
651.3	0.048596
651.4	0.048892
651.5	0.04865
651.6	0.049239
651.7	0.049535
651.8	0.048754
651.9	0.048903
652	0.049346
652.1	0.049592
652.2	0.049913
652.3	0.049719
652.4	0.049085
652.5	0.049968
652.6	0.049383
652.7	0.050339
652.8	0.049656
652.9	0.050319
653	0.050908
653.1	0.051253
653.2	0.051035
653.3	0.051208
653.4	0.051161
653.5	0.050429
653.6	0.050798
653.7	0.050139
653.8	0.05068
653.9	0.05051
654	0.050072
654.1	0.05093
654.2	0.050247
654.3	0.050102
654.4	0.051058
654.5	0.050742
654.6	0.050303
654.7	0.050892
654.8	0.050209
654.9	0.050603
655	0.050189
655.1	0.051096
655.2	0.049728
655.3	0.050439
655.4	0.049169
655.5	0.049757
655.6	0.049515
655.7	0.049516
655.8	0.05008
655.9	0.049642
656	0.049448
656.1	0.049401
656.2	0.049794
656.3	0.049551
656.4	0.049699
656.5	0.04931
656.6	0.049678
656.7	0.050022
656.8	0.049657
656.9	0.049805
657	0.048976
657.1	0.049589
657.2	0.049859
657.3	0.049616
657.4	0.049056
657.5	0.049375
657.6	0.049059
657.7	0.048962
657.8	0.048891
657.9	0.048819
658	0.049602
658.1	0.048968
658.2	0.049752
658.3	0.049094
658.4	0.049095
658.5	0.049243
658.6	0.04988
658.7	0.049393
658.8	0.049296
658.9	0.049469
659	0.049103
659.1	0.049349
659.2	0.049204
659.3	0.049278
659.4	0.049255
659.5	0.049135
659.6	0.049771
659.7	0.049357
659.8	0.049896
659.9	0.049482
660	0.049605
660.1	0.049484
660.2	0.049559
660.3	0.049707
660.4	0.049634
660.5	0.050247
660.6	0.050223
660.7	0.050273
660.8	0.051252
660.9	0.050398
661	0.051108
661.1	0.050791
661.2	0.05133
661.3	0.051429
661.4	0.051332
661.5	0.052238
661.6	0.051897
661.7	0.051678
661.8	0.052095
661.9	0.051704
662	0.050898
662.1	0.050704
662.2	0.051218
662.3	0.050633
662.4	0.050633
662.5	0.050023
662.6	0.051075
662.7	0.050734
662.8	0.050295
662.9	0.051518
663	0.050639
663.1	0.050224
663.2	0.05091
663.3	0.050935
663.4	0.050765
663.5	0.050839
663.6	0.051108
663.7	0.050767
663.8	0.050181
663.9	0.050622
664	0.05138
664.1	0.050624
664.2	0.050575
664.3	0.050821
664.4	0.050479
664.5	0.050749
664.6	0.050676
664.7	0.050628
664.8	0.051264
664.9	0.050703
665	0.050654
665.1	0.050777
665.2	0.051609
665.3	0.050876
665.4	0.05095
665.5	0.051244
665.6	0.051318
665.7	0.051343
665.8	0.051197
665.9	0.051882
666	0.051442
666.1	0.050637
666.2	0.051957
666.3	0.051493
666.4	0.051322
666.5	0.051616
666.6	0.051983
666.7	0.051763
666.8	0.052228
666.9	0.051691
667	0.051056
667.1	0.051619
667.2	0.051301
667.3	0.051106
667.4	0.05184
667.5	0.052207
667.6	0.052158
667.7	0.051914
667.8	0.051841
667.9	0.052159
668	0.05216
668.1	0.053211
668.2	0.052918
668.3	0.052454
668.4	0.052356
668.5	0.05265
668.6	0.053188
668.7	0.053457
668.8	0.053849
668.9	0.05336
669	0.054241
669.1	0.053703
669.2	0.053165
669.3	0.053018
669.4	0.053287
669.5	0.053458
669.6	0.053874
669.7	0.054046
669.8	0.053141
669.9	0.054095
670	0.053777
670.1	0.054804
670.2	0.054927
670.3	0.054095
670.4	0.055318
670.5	0.054437
670.6	0.05549
670.7	0.056689
670.8	0.056714
670.9	0.057008
671	0.057596
671.1	0.057277
671.2	0.059189
671.3	0.059655
671.4	0.060292
671.5	0.061077
671.6	0.062256
671.7	0.063804
671.8	0.064811
671.9	0.06646
672	0.068479
672.1	0.06944
672.2	0.071191
672.3	0.072721
672.4	0.073832
672.5	0.075043
672.6	0.076081
672.7	0.077565
672.8	0.078209
672.9	0.080984
673	0.08272
673.1	0.085577
673.2	0.088039
673.3	0.089209
673.4	0.091626
673.5	0.092224
673.6	0.092822
673.7	0.09115
673.8	0.090501
673.9	0.087287
674	0.083607
674.1	0.081547
674.2	0.079216
674.3	0.076417
674.4	0.073994
674.5	0.071327
674.6	0.069822
674.7	0.06817
674.8	0.067234
674.9	0.0662
675	0.065756
675.1	0.065018
675.2	0.064698
675.3	0.06364
675.4	0.063812
675.5	0.063099
675.6	0.063073
675.7	0.062975
675.8	0.062311
675.9	0.061672
676	0.062162
676.1	0.062481
676.2	0.061596
676.3	0.061988
676.4	0.060957
676.5	0.061717
676.6	0.061103
676.7	0.061863
676.8	0.062623
676.9	0.061665
677	0.061836
677.1	0.061909
677.2	0.063946
677.3	0.064363
677.4	0.065247
677.5	0.067189
677.6	0.067163
677.7	0.068688
677.8	0.068811
677.9	0.071151
678	0.073469
678.1	0.074901
678.2	0.077495
678.3	0.080614
678.4	0.083142
678.5	0.089056
678.6	0.093591
678.7	0.097836
678.8	0.104
678.9	0.10869
679	0.11262
679.1	0.11468
679.2	0.11531
679.3	0.11352
679.4	0.11042
679.5	0.10702
679.6	0.10173
679.7	0.098546
679.8	0.094896
679.9	0.091228
680	0.089384
680.1	0.090129
680.2	0.089008
680.3	0.087936
680.4	0.088308
680.5	0.085746
680.6	0.085471
680.7	0.081723
680.8	0.080557
680.9	0.077783
681	0.076026
681.1	0.073679
681.2	0.071605
681.3	0.070125
681.4	0.06941
681.5	0.068547
681.6	0.066749
681.7	0.067363
681.8	0.065493
681.9	0.065369
682	0.064876
682.1	0.065514
682.2	0.064554
682.3	0.06529
682.4	0.064331
682.5	0.063445
682.6	0.064352
682.7	0.063884
682.8	0.063736
682.9	0.063931
683	0.064249
683.1	0.064198
683.2	0.06508
683.3	0.06476
683.4	0.066282
683.5	0.066329
683.6	0.066401
683.7	0.06608
683.8	0.068095
683.9	0.06802
684	0.067674
684.1	0.068164
684.2	0.069614
684.3	0.070278
684.4	0.070818
684.5	0.071087
684.6	0.071899
684.7	0.073327
684.8	0.072758
684.9	0.073595
685	0.074876
685.1	0.075714
685.2	0.076775
685.3	0.08021
685.4	0.083702
685.5	0.088244
685.6	0.096364
685.7	0.10866
685.8	0.12392
685.9	0.14292
686	0.16187
686.1	0.17987
686.2	0.19046
686.3	0.19298
686.4	0.18445
686.5	0.16903
686.6	0.15051
686.7	0.13307
686.8	0.11798
686.9	0.10745
687	0.10273
687.1	0.10163
687.2	0.101
687.3	0.10443
687.4	0.10895
687.5	0.11448
687.6	0.12039
687.7	0.12676
687.8	0.13372
687.9	0.13946
688	0.14334
688.1	0.1458
688.2	0.14436
688.3	0.13935
688.4	0.13386
688.5	0.13264
688.6	0.13426
688.7	0.13931
688.8	0.1544
688.9	0.17615
689	0.20567
689.1	0.24123
689.2	0.27541
689.3	0.30531
689.4	0.31916
689.5	0.31285
689.6	0.29046
689.7	0.25899
689.8	0.22381
689.9	0.19051
690	0.16471
690.1	0.14399
690.2	0.12819
690.3	0.11617
690.4	0.10796
690.5	0.10002
690.6	0.09475
690.7	0.09116
690.8	0.088622
690.9	0.087402
691	0.084719
691.1	0.085411
691.2	0.085657
691.3	0.084365
691.4	0.085503
691.5	0.085029
691.6	0.08463
691.7	0.085247
691.8	0.084551
691.9	0.084399
692	0.085438
692.1	0.085187
692.2	0.086475
692.3	0.090696
692.4	0.095699
692.5	0.10309
692.6	0.11562
692.7	0.13666
692.8	0.1686
692.9	0.20619
693	0.24571
693.1	0.2787
693.2	0.29672
693.3	0.28979
693.4	0.26025
693.5	0.22311
693.6	0.18385
693.7	0.15303
693.8	0.13563
693.9	0.13249
694	0.14021
694.1	0.16069
694.2	0.18895
694.3	0.22188
694.4	0.25254
694.5	0.26968
694.6	0.27014
694.7	0.24984
694.8	0.21682
694.9	0.17889
695	0.1438
695.1	0.11675
695.2	0.10049
695.3	0.088549
695.4	0.080739
695.5	0.075599
695.6	0.072688
695.7	0.068848
695.8	0.067076
695.9	0.065626
696	0.063882
696.1	0.062752
696.2	0.062799
696.3	0.061425
696.4	0.061153
696.5	0.061321
696.6	0.059655
696.7	0.058577
696.8	0.05921
696.9	0.058523
697	0.059009
697.1	0.059006
697.2	0.058881
697.3	0.059612
697.4	0.059927
697.5	0.058799
697.6	0.059726
697.7	0.060799
697.8	0.061701
697.9	0.063143
698	0.064978
698.1	0.066791
698.2	0.068629
698.3	0.071084
698.4	0.074775
698.5	0.079485
698.6	0.082696
698.7	0.086731
698.8	0.090675
698.9	0.092263
699	0.092459
699.1	0.090243
699.2	0.08731
699.3	0.083243
699.4	0.079851
699.5	0.077108
699.6	0.072742
699.7	0.070575
699.8	0.06976
699.9	0.06816
700	0.065851
700.1	0.066019
700.2	0.065844
700.3	0.064763
700.4	0.066304
700.5	0.066178
700.6	0.06566
700.7	0.06605
700.8	0.064527
700.9	0.064352
701	0.062977
701.1	0.062925
701.2	0.061111
701.3	0.060032
701.4	0.059418
701.5	0.058706
701.6	0.058166
701.7	0.05787
701.8	0.057354
701.9	0.057522
702	0.05725
702.1	0.057857
702.2	0.056829
702.3	0.057094
702.4	0.057286
702.5	0.055966
702.6	0.056475
702.7	0.056447
702.8	0.055468
702.9	0.055953
703	0.055267
703.1	0.054825
703.2	0.054822
703.3	0.054429
703.4	0.054961
703.5	0.054227
703.6	0.053615
703.7	0.054245
703.8	0.053706
703.9	0.054312
704	0.053139
704.1	0.053453
704.2	0.055033
704.3	0.054006
704.4	0.053662
704.5	0.05361
704.6	0.053436
704.7	0.052678
704.8	0.054477
704.9	0.053937
705	0.05391
705.1	0.05471
705.2	0.054268
705.3	0.05541
705.4	0.054992
705.5	0.055403
705.6	0.054669
705.7	0.054641
705.8	0.056319
705.9	0.056365
706	0.056361
706.1	0.056699
706.2	0.056744
706.3	0.057009
706.4	0.055811
706.5	0.055076
706.6	0.05556
706.7	0.055191
706.8	0.055504
706.9	0.054989
707	0.053597
707.1	0.053399
707.2	0.053979
707.3	0.054171
707.4	0.053583
707.5	0.054967
707.6	0.054087
707.7	0.054327
707.8	0.055614
707.9	0.054393
708	0.054754
708.1	0.05441
708.2	0.055502
708.3	0.055889
708.4	0.055519
708.5	0.05459
708.6	0.05617
708.7	0.056288
708.8	0.056699
708.9	0.058451
709	0.056764
709.1	0.057321
709.2	0.057074
709.3	0.058583
709.4	0.058798
709.5	0.059136
709.6	0.059816
709.7	0.060716
709.8	0.061323
709.9	0.060537
710	0.060778
710.1	0.060823
710.2	0.060086
710.3	0.060302
710.4	0.058345
710.5	0.058
710.6	0.057093
710.7	0.05787
710.8	0.057061
710.9	0.057813
711	0.056493
711.1	0.055173
711.2	0.056387
711.3	0.056115
711.4	0.055648
711.5	0.055888
711.6	0.055226
711.7	0.055369
711.8	0.055243
711.9	0.054995
712	0.054456
712.1	0.054525
712.2	0.054083
712.3	0.055612
712.4	0.054537
712.5	0.054314
712.6	0.054578
712.7	0.054306
712.8	0.054545
712.9	0.05313
713	0.054367
713.1	0.055093
713.2	0.054456
713.3	0.055986
713.4	0.056347
713.5	0.05532
713.6	0.05517
713.7	0.054533
713.8	0.054942
713.9	0.056497
714	0.055324
714.1	0.057122
714.2	0.055608
714.3	0.057089
714.4	0.056086
714.5	0.056569
714.6	0.057223
714.7	0.058267
714.8	0.05836
714.9	0.058844
715	0.059376
715.1	0.059518
715.2	0.060149
715.3	0.06012
715.4	0.060164
715.5	0.06099
715.6	0.060546
715.7	0.061201
715.8	0.060635
715.9	0.061168
716	0.061042
716.1	0.059255
716.2	0.060715
716.3	0.06076
716.4	0.061585
716.5	0.060482
716.6	0.059746
716.7	0.060766
716.8	0.061177
716.9	0.062296
717	0.061363
717.1	0.061896
717.2	0.063015
717.3	0.063133
717.4	0.064645
717.5	0.063637
717.6	0.064782
717.7	0.065071
717.8	0.065899
717.9	0.066506
718	0.065082
718.1	0.065689
718.2	0.064363
718.3	0.064114
718.4	0.06592
718.5	0.064545
718.6	0.06454
718.7	0.064365
718.8	0.065069
718.9	0.066264
719	0.06741
719.1	0.067625
719.2	0.06669
719.3	0.066636
719.4	0.06668
719.5	0.069175
719.6	0.070224
719.7	0.070686
719.8	0.070484
719.9	0.07151
720	0.070696
720.1	0.071378
720.2	0.071667
720.3	0.070485
720.4	0.070627
720.5	0.071309
720.6	0.072556
720.7	0.071422
720.8	0.072178
720.9	0.07075
721	0.072021
721.1	0.07263
721.2	0.071913
721.3	0.07149
721.4	0.072443
721.5	0.072045
721.6	0.072899
721.7	0.07206
721.8	0.072595
721.9	0.071878
722	0.072486
722.1	0.072138
722.2	0.071863
722.3	0.070631
722.4	0.07173
722.5	0.07116
722.6	0.072603
722.7	0.071346
722.8	0.073256
722.9	0.073767
723	0.074302
723.1	0.0756
723.2	0.075988
723.3	0.075688
723.4	0.07706
723.5	0.078237
723.6	0.077444
723.7	0.078497
723.8	0.078689
723.9	0.080531
724	0.081833
724.1	0.081408
724.2	0.083303
724.3	0.082187
724.4	0.084527
724.5	0.085485
724.6	0.085554
724.7	0.085425
724.8	0.086384
724.9	0.086774
725	0.087461
725.1	0.086367
725.2	0.0875
725.3	0.087272
725.4	0.088206
725.5	0.088201
725.6	0.089185
725.7	0.089972
725.8	0.08962
725.9	0.090605
726	0.089782
726.1	0.091139
726.2	0.090737
726.3	0.0915
726.4	0.091048
726.5	0.090993
726.6	0.090269
726.7	0.091477
726.8	0.089985
726.9	0.091169
727	0.093618
727.1	0.092471
727.2	0.094103
727.3	0.093949
727.4	0.09429
727.5	0.093366
727.6	0.092344
727.7	0.093826
727.8	0.093101
727.9	0.093765
728	0.092841
728.1	0.095616
728.2	0.094418
728.3	0.093866
728.4	0.093935
728.5	0.096089
728.6	0.097102
728.7	0.096674
728.8	0.097413
728.9	0.099597
729	0.098894
729.1	0.098515
729.2	0.097464
729.3	0.096116
729.4	0.097651
729.5	0.097596
729.6	0.096123
729.7	0.096142
729.8	0.096261
729.9	0.095932
730	0.095528
730.1	0.097162
730.2	0.097405
730.3	0.099189
730.4	0.096871
730.5	0.096144
730.6	0.097729
730.7	0.097176
730.8	0.094661
730.9	0.094382
731	0.09145
731.1	0.09303
731.2	0.091934
731.3	0.090837
731.4	0.090658
731.5	0.09085
731.6	0.089903
731.7	0.09059
731.8	0.091204
731.9	0.089736
732	0.089755
732.1	0.089526
732.2	0.089298
732.3	0.091025
732.4	0.089236
732.5	0.091161
732.6	0.091353
732.7	0.092289
732.8	0.094192
732.9	0.094235
733	0.09413
733.1	0.094942
733.2	0.095557
733.3	0.096668
733.4	0.09552
733.5	0.097625
733.6	0.09737
733.7	0.099353
733.8	0.099869
733.9	0.10034
734	0.098737
734.1	0.10109
734.2	0.10109
734.3	0.10056
734.4	0.1009
734.5	0.10032
734.6	0.10168
734.7	0.10048
734.8	0.1001
734.9	0.10299
735	0.10256
735.1	0.10312
735.2	0.10237
735.3	0.10408
735.4	0.10425
735.5	0.10689
735.6	0.10586
735.7	0.10785
735.8	0.10714
735.9	0.10746
736	0.1091
736.1	0.10855
736.2	0.11107
736.3	0.11051
736.4	0.11243
736.5	0.1132
736.6	0.1139
736.7	0.11517
736.8	0.11619
736.9	0.11796
737	0.11746
737.1	0.12016
737.2	0.12056
737.3	0.12284
737.4	0.12321
737.5	0.12699
737.6	0.12857
737.7	0.13101
737.8	0.13252
737.9	0.13383
738	0.13864
738.1	0.13935
738.2	0.14433
738.3	0.1474
738.4	0.14742
738.5	0.15224
738.6	0.154
738.7	0.15696
738.8	0.16062
738.9	0.16311
739	0.16696
739.1	0.17338
739.2	0.17744
739.3	0.18681
739.4	0.19495
739.5	0.20619
739.6	0.2173
739.7	0.23353
739.8	0.25446
739.9	0.2779
740	0.30864
740.1	0.34575
740.2	0.39513
740.3	0.45448
740.4	0.51941
740.5	0.58562
740.6	0.64535
740.7	0.68197
740.8	0.6884
740.9	0.6679
741	0.62634
741.1	0.56932
741.2	0.50917
741.3	0.45304
741.4	0.40614
741.5	0.36787
741.6	0.33374
741.7	0.30895
741.8	0.28926
741.9	0.27585
742	0.26762
742.1	0.2608
742.2	0.25741
742.3	0.25284
742.4	0.24322
742.5	0.23679
742.6	0.22526
742.7	0.22159
742.8	0.21253
742.9	0.20573
743	0.20272
743.1	0.19852
743.2	0.19663
743.3	0.19541
743.4	0.19747
743.5	0.19825
743.6	0.19816
743.7	0.20201
743.8	0.20586
743.9	0.20943
744	0.21579
744.1	0.22513
744.2	0.23977
744.3	0.25654
744.4	0.28237
744.5	0.32222
744.6	0.38834
744.7	0.50082
744.8	0.68569
744.9	0.9451
745	1.2928
745.1	1.6987
745.2	2.1037
745.3	2.3537
745.4	2.3669
745.5	2.1524
745.6	1.7992
745.7	1.4303
745.8	1.1217
745.9	0.88227
746	0.7161
746.1	0.62768
746.2	0.61622
746.3	0.68307
746.4	0.82849
746.5	1.0342
746.6	1.2819
746.7	1.529
746.8	1.7039
746.9	1.7494
747	1.6586
747.1	1.4755
747.2	1.236
747.3	1.0057
747.4	0.80325
747.5	0.6487
747.6	0.52772
747.7	0.45829
747.8	0.42793
747.9	0.44745
748	0.51861
748.1	0.61963
748.2	0.74026
748.3	0.84238
748.4	0.87403
748.5	0.82604
748.6	0.72454
748.7	0.60479
748.8	0.49724
748.9	0.41656
749	0.36336
749.1	0.33341
749.2	0.31495
749.3	0.30741
749.4	0.30501
749.5	0.30874
749.6	0.3148
749.7	0.32517
749.8	0.34176
749.9	0.36137
750	0.38599
750.1	0.41644
750.2	0.44854
750.3	0.49116
750.4	0.54079
750.5	0.59487
750.6	0.65271
750.7	0.71489
750.8	0.77425
750.9	0.83349
751	0.88418
751.1	0.92581
751.2	0.95123
751.3	0.96092
751.4	0.96247
751.5	0.94785
751.6	0.93474
751.7	0.91811
751.8	0.9017
751.9	0.88917
752	0.88033
752.1	0.87846
752.2	0.87713
752.3	0.8782
752.4	0.88552
752.5	0.88659
752.6	0.88303
752.7	0.8768
752.8	0.86034
752.9	0.83743
753	0.81037
753.1	0.78073
753.2	0.74567
753.3	0.70966
753.4	0.67602
753.5	0.64188
753.6	0.60987
753.7	0.57347
753.8	0.54521
753.9	0.51437
754	0.48777
754.1	0.4647
754.2	0.44334
754.3	0.42444
754.4	0.40956
754.5	0.39447
754.6	0.38412
754.7	0.37592
754.8	0.37005
754.9	0.36472
755	0.36154
755.1	0.36172
755.2	0.3634
755.3	0.36398
755.4	0.3624
755.5	0.36125
755.6	0.35344
755.7	0.34396
755.8	0.33357
755.9	0.31995
756	0.30917
756.1	0.29751
756.2	0.28724
756.3	0.27798
756.4	0.27138
756.5	0.26879
756.6	0.26563
756.7	0.26288
756.8	0.26412
756.9	0.26874
757	0.27554
757.1	0.28383
757.2	0.29376
757.3	0.30509
757.4	0.31752
757.5	0.33774
757.6	0.35818
757.7	0.38485
757.8	0.41688
757.9	0.45416
758	0.50195
758.1	0.55537
758.2	0.61564
758.3	0.68104
758.4	0.75276
758.5	0.82403
758.6	0.88747
758.7	0.94207
758.8	0.97804
758.9	0.99081
759	0.9797
759.1	0.94957
759.2	0.90136
759.3	0.85083
759.4	0.80073
759.5	0.76012
759.6	0.73371
759.7	0.72146
759.8	0.72663
759.9	0.74813
760	0.77766
760.1	0.81328
760.2	0.84791
760.3	0.87734
760.4	0.89371
760.5	0.88873
760.6	0.86699
760.7	0.82677
760.8	0.77883
760.9	0.73069
761	0.69506
761.1	0.66837
761.2	0.66597
761.3	0.69038
761.4	0.74289
761.5	0.81678
761.6	0.89933
761.7	0.96354
761.8	0.99157
761.9	0.96519
762	0.88827
762.1	0.78214
762.2	0.66242
762.3	0.55705
762.4	0.46775
762.5	0.39985
762.6	0.34868
762.7	0.30929
762.8	0.27882
762.9	0.25519
763	0.23558
763.1	0.22276
763.2	0.21142
763.3	0.20015
763.4	0.19257
763.5	0.18852
763.6	0.18394
763.7	0.18048
763.8	0.17755
763.9	0.17651
764	0.17415
764.1	0.17468
764.2	0.17405
764.3	0.17205
764.4	0.17473
764.5	0.17234
764.6	0.17486
764.7	0.17457
764.8	0.1788
764.9	0.17946
765	0.18298
765.1	0.18665
765.2	0.19088
765.3	0.19583
765.4	0.20301
765.5	0.20927
765.6	0.21741
765.7	0.22467
765.8	0.23346
765.9	0.24421
766	0.25104
766.1	0.25763
766.2	0.26067
766.3	0.26252
766.4	0.26227
766.5	0.25853
766.6	0.25777
766.7	0.25005
766.8	0.24179
766.9	0.23614
767	0.22839
767.1	0.22196
767.2	0.21497
767.3	0.20783
767.4	0.20006
767.5	0.19514
767.6	0.18942
767.7	0.18658
767.8	0.17905
767.9	0.17664
768	0.1716
768.1	0.16835
768.2	0.16744
768.3	0.16342
768.4	0.16133
768.5	0.15958
768.6	0.15768
768.7	0.15481
768.8	0.15176
768.9	0.15298
769	0.15095
769.1	0.15171
769.2	0.15139
769.3	0.14998
769.4	0.15438
769.5	0.14907
769.6	0.1513
769.7	0.15216
769.8	0.15419
769.9	0.15799
770	0.15957
770.1	0.1644
770.2	0.16984
770.3	0.17897
770.4	0.18613
770.5	0.19573
770.6	0.20789
770.7	0.21327
770.8	0.22491
770.9	0.23138
771	0.23536
771.1	0.23746
771.2	0.23678
771.3	0.22972
771.4	0.22133
771.5	0.21596
771.6	0.20747
771.7	0.20287
771.8	0.19578
771.9	0.19582
772	0.19555
772.1	0.19789
772.2	0.20421
772.3	0.21016
772.4	0.21972
772.5	0.22653
772.6	0.22785
772.7	0.2258
772.8	0.22226
772.9	0.21333
773	0.20366
773.1	0.1951
773.2	0.1866
773.3	0.18027
773.4	0.17502
773.5	0.17485
773.6	0.1752
773.7	0.17406
773.8	0.17699
773.9	0.18169
774	0.18533
774.1	0.19067
774.2	0.19108
774.3	0.19234
774.4	0.19291
774.5	0.19123
774.6	0.18641
774.7	0.1799
774.8	0.17351
774.9	0.17012
775	0.16208
775.1	0.15575
775.2	0.14809
775.3	0.14453
775.4	0.14117
775.5	0.13618
775.6	0.13213
775.7	0.1301
775.8	0.12876
775.9	0.12674
776	0.12869
776.1	0.12885
776.2	0.12847
776.3	0.1305
776.4	0.13187
776.5	0.13406
776.6	0.13496
776.7	0.13788
776.8	0.1403
776.9	0.14407
777	0.14672
777.1	0.14933
777.2	0.15126
777.3	0.15477
777.4	0.15836
777.5	0.16078
777.6	0.15834
777.7	0.15626
777.8	0.15709
777.9	0.15552
778	0.15192
778.1	0.1487
778.2	0.14308
778.3	0.14038
778.4	0.13807
778.5	0.1322
778.6	0.12912
778.7	0.12798
778.8	0.12671
778.9	0.12313
779	0.12212
779.1	0.12088
779.2	0.11907
779.3	0.11956
779.4	0.11853
779.5	0.11904
779.6	0.11801
779.7	0.1183
779.8	0.11531
779.9	0.11668
780	0.11897
780.1	0.11833
780.2	0.11687
780.3	0.11809
780.4	0.11748
780.5	0.12155
780.6	0.12177
780.7	0.12035
780.8	0.12235
780.9	0.12292
781	0.12494
781.1	0.12407
781.2	0.12612
781.3	0.12586
781.4	0.12779
781.5	0.1277
781.6	0.13235
781.7	0.13272
781.8	0.13178
781.9	0.13532
782	0.13936
782.1	0.13871
782.2	0.14385
782.3	0.14231
782.4	0.14682
782.5	0.14592
782.6	0.14746
782.7	0.1506
782.8	0.14838
782.9	0.1513
783	0.15111
783.1	0.15387
783.2	0.15611
783.3	0.15633
783.4	0.15785
783.5	0.15707
783.6	0.16202
783.7	0.16217
783.8	0.16521
783.9	0.16694
784	0.16901
784.1	0.17456
784.2	0.1739
784.3	0.1789
784.4	0.18158
784.5	0.18405
784.6	0.18505
784.7	0.18623
784.8	0.19188
784.9	0.19325
785	0.1961
785.1	0.20301
785.2	0.20518
785.3	0.20876
785.4	0.21095
785.5	0.21199
785.6	0.21382
785.7	0.21202
785.8	0.21562
785.9	0.21347
786	0.2163
786.1	0.21716
786.2	0.21879
786.3	0.21812
786.4	0.22852
786.5	0.23199
786.6	0.24242
786.7	0.25406
786.8	0.26575
786.9	0.28305
787	0.29863
787.1	0.3166
787.2	0.33611
787.3	0.34914
787.4	0.35854
787.5	0.36781
787.6	0.36725
787.7	0.36382
787.8	0.3551
787.9	0.34454
788	0.33432
788.1	0.32488
788.2	0.3184
788.3	0.31414
788.4	0.30867
788.5	0.31065
788.6	0.31294
788.7	0.32447
788.8	0.33598
788.9	0.35043
789	0.35642
789.1	0.36885
789.2	0.37332
789.3	0.37583
789.4	0.37095
789.5	0.36734
789.6	0.35852
789.7	0.34727
789.8	0.33442
789.9	0.32794
790	0.32095
790.1	0.31205
790.2	0.30899
790.3	0.31186
790.4	0.31753
790.5	0.32512
790.6	0.34207
790.7	0.35985
790.8	0.37709
790.9	0.39523
791	0.4101
791.1	0.41339
791.2	0.40681
791.3	0.39081
791.4	0.36936
791.5	0.34637
791.6	0.32406
791.7	0.30049
791.8	0.28859
791.9	0.27802
792	0.27344
792.1	0.27215
792.2	0.27599
792.3	0.2873
792.4	0.29861
792.5	0.31196
792.6	0.32811
792.7	0.3399
792.8	0.34648
792.9	0.34715
793	0.33436
793.1	0.32211
793.2	0.29859
793.3	0.27866
793.4	0.26106
793.5	0.24125
793.6	0.22556
793.7	0.21221
793.8	0.20643
793.9	0.19834
794	0.19265
794.1	0.18867
794.2	0.19096
794.3	0.18517
794.4	0.18964
794.5	0.19233
794.6	0.19014
794.7	0.19655
794.8	0.20142
794.9	0.20455
795	0.21329
795.1	0.21802
795.2	0.2254
795.3	0.23597
795.4	0.24404
795.5	0.25327
795.6	0.263
795.7	0.27284
795.8	0.28756
795.9	0.29736
796	0.30755
796.1	0.31851
796.2	0.32562
796.3	0.33288
796.4	0.33898
796.5	0.34183
796.6	0.3396
796.7	0.34136
796.8	0.33876
796.9	0.3358
797	0.32962
797.1	0.3262
797.2	0.31933
797.3	0.31402
797.4	0.31098
797.5	0.31008
797.6	0.30745
797.7	0.30517
797.8	0.30259
797.9	0.30263
798	0.30157
798.1	0.30081
798.2	0.30552
798.3	0.3081
798.4	0.31149
798.5	0.31671
798.6	0.32388
798.7	0.33149
798.8	0.34138
798.9	0.34917
799	0.35907
799.1	0.36851
799.2	0.38218
799.3	0.39544
799.4	0.41246
799.5	0.43047
799.6	0.45166
799.7	0.47527
799.8	0.49987
799.9	0.52599
800	0.55624
800.1	0.58588
800.2	0.61465
800.3	0.63434
800.4	0.65103
800.5	0.66769
800.6	0.67203
800.7	0.66919
800.8	0.66262
800.9	0.64931
801	0.64014
801.1	0.63052
801.2	0.6202
801.3	0.61133
801.4	0.61667
801.5	0.62373
801.6	0.64415
801.7	0.66582
801.8	0.69252
801.9	0.72912
802	0.75489
802.1	0.78591
802.2	0.80454
802.3	0.81614
802.4	0.80864
802.5	0.78864
802.6	0.75964
802.7	0.72399
802.8	0.67526
802.9	0.62592
803	0.57466
803.1	0.52899
803.2	0.48606
803.3	0.45287
803.4	0.43185
803.5	0.42054
803.6	0.42472
803.7	0.44664
803.8	0.4846
803.9	0.53797
804	0.59397
804.1	0.64255
804.2	0.66768
804.3	0.66209
804.4	0.63131
804.5	0.5916
804.6	0.53742
804.7	0.49812
804.8	0.46521
804.9	0.4511
805	0.44846
805.1	0.46294
805.2	0.48886
805.3	0.54167
805.4	0.60934
805.5	0.71058
805.6	0.842
805.7	1.0034
805.8	1.1768
805.9	1.3509
806	1.4995
806.1	1.6109
806.2	1.7025
806.3	1.7981
806.4	1.9405
806.5	2.1076
806.6	2.2768
806.7	2.3556
806.8	2.2733
806.9	2.0549
807	1.7466
807.1	1.4384
807.2	1.174
807.3	0.94143
807.4	0.77066
807.5	0.64494
807.6	0.56151
807.7	0.5012
807.8	0.46403
807.9	0.44248
808	0.42996
808.1	0.43623
808.2	0.44781
808.3	0.46341
808.4	0.479
808.5	0.48207
808.6	0.47154
808.7	0.4433
808.8	0.40804
808.9	0.3631
809	0.31952
809.1	0.28362
809.2	0.25803
809.3	0.2354
809.4	0.22133
809.5	0.20742
809.6	0.20161
809.7	0.19448
809.8	0.18972
809.9	0.18688
810	0.18796
810.1	0.19018
810.2	0.18757
810.3	0.18823
810.4	0.1925
810.5	0.19839
810.6	0.20742
810.7	0.21806
810.8	0.22834
810.9	0.24909
811	0.26379
811.1	0.29645
811.2	0.33713
811.3	0.3909
811.4	0.45197
811.5	0.51166
811.6	0.57093
811.7	0.60348
811.8	0.60971
811.9	0.59371
812	0.55896
812.1	0.52747
812.2	0.4954
812.3	0.47657
812.4	0.46677
812.5	0.46384
812.6	0.4748
812.7	0.49391
812.8	0.51939
812.9	0.56423
813	0.61942
813.1	0.6878
813.2	0.76641
813.3	0.84846
813.4	0.92016
813.5	0.95937
813.6	0.96235
813.7	0.92514
813.8	0.86274
813.9	0.78548
814	0.69605
814.1	0.62293
814.2	0.56232
814.3	0.50918
814.4	0.45951
814.5	0.42481
814.6	0.39326
814.7	0.36626
814.8	0.346
814.9	0.3274
815	0.31358
815.1	0.30092
815.2	0.28975
815.3	0.28466
815.4	0.27657
815.5	0.26954
815.6	0.26385
815.7	0.26211
815.8	0.25833
815.9	0.25582
816	0.25101
816.1	0.24837
816.2	0.24863
816.3	0.24642
816.4	0.24791
816.5	0.24626
816.6	0.25063
816.7	0.25284
816.8	0.25291
816.9	0.25765
817	0.2631
817.1	0.2661
817.2	0.27225
817.3	0.27775
817.4	0.28391
817.5	0.28949
817.6	0.2959
817.7	0.29765
817.8	0.30462
817.9	0.30601
818	0.31132
818.1	0.3107
818.2	0.3168
818.3	0.31787
818.4	0.32091
818.5	0.3232
818.6	0.32898
818.7	0.33517
818.8	0.34344
818.9	0.35824
819	0.37451
819.1	0.39487
819.2	0.41929
819.3	0.45739
819.4	0.50539
819.5	0.56117
819.6	0.64226
819.7	0.73648
819.8	0.86021
819.9	1.0181
820	1.2152
820.1	1.4507
820.2	1.737
820.3	2.0861
820.4	2.4689
820.5	2.9035
820.6	3.3003
820.7	3.6227
820.8	3.7342
820.9	3.597
821	3.273
821.1	2.865
821.2	2.4609
821.3	2.1111
821.4	1.8273
821.5	1.5794
821.6	1.3846
821.7	1.234
821.8	1.1159
821.9	1.0243
822	0.96468
822.1	0.92879
822.2	0.90975
822.3	0.91227
822.4	0.92201
822.5	0.93257
822.6	0.92571
822.7	0.89785
822.8	0.84924
822.9	0.77958
823	0.69999
823.1	0.62844
823.2	0.55875
823.3	0.49816
823.4	0.45354
823.5	0.41159
823.6	0.38144
823.7	0.36199
823.8	0.34818
823.9	0.3436
824	0.33982
824.1	0.33756
824.2	0.3357
824.3	0.32608
824.4	0.32106
824.5	0.31005
824.6	0.28968
824.7	0.26638
824.8	0.25142
824.9	0.23261
825	0.21818
825.1	0.20355
825.2	0.18642
825.3	0.17982
825.4	0.17223
825.5	0.17026
825.6	0.16181
825.7	0.15726
825.8	0.15308
825.9	0.14819
826	0.14828
826.1	0.14452
826.2	0.14075
826.3	0.14738
826.4	0.1436
826.5	0.13942
826.6	0.14191
826.7	0.14066
826.8	0.14078
826.9	0.1391
827	0.14292
827.1	0.14435
827.2	0.14684
827.3	0.1444
827.4	0.15082
827.5	0.15012
827.6	0.15367
827.7	0.15691
827.8	0.16084
827.9	0.16627
828	0.17066
828.1	0.18276
828.2	0.18991
828.3	0.20279
828.4	0.21394
828.5	0.23238
828.6	0.25074
828.7	0.27717
828.8	0.3011
828.9	0.34104
829	0.37864
829.1	0.42397
829.2	0.46424
829.3	0.50781
829.4	0.53214
829.5	0.54929
829.6	0.54683
829.7	0.53212
829.8	0.50582
829.9	0.46709
830	0.43606
830.1	0.40012
830.2	0.36456
830.3	0.33131
830.4	0.30811
830.5	0.2845
830.6	0.26816
830.7	0.24884
830.8	0.23387
830.9	0.22452
831	0.211
831.1	0.1982
831.2	0.1939
831.3	0.18482
831.4	0.1804
831.5	0.17483
831.6	0.16969
831.7	0.16471
831.8	0.16393
831.9	0.1653
832	0.1601
832.1	0.15546
832.2	0.15326
832.3	0.1564
832.4	0.15552
832.5	0.15508
832.6	0.15197
832.7	0.15426
832.8	0.15027
832.9	0.15216
833	0.15217
833.1	0.15576
833.2	0.1574
833.3	0.16091
833.4	0.16362
833.5	0.16903
833.6	0.1779
833.7	0.17665
833.8	0.18951
833.9	0.19247
834	0.19477
834.1	0.20425
834.2	0.20268
834.3	0.20097
834.4	0.19643
834.5	0.18549
834.6	0.18132
834.7	0.17323
834.8	0.16538
834.9	0.16172
835	0.15539
835.1	0.14676
835.2	0.14073
835.3	0.13863
835.4	0.13821
835.5	0.12963
835.6	0.12832
835.7	0.12973
835.8	0.12974
835.9	0.12918
836	0.13326
836.1	0.1345
836.2	0.13386
836.3	0.13905
836.4	0.13683
836.5	0.14855
836.6	0.14535
836.7	0.15319
836.8	0.16272
836.9	0.16207
837	0.16757
837.1	0.17202
837.2	0.17961
837.3	0.18364
837.4	0.18154
837.5	0.19562
837.6	0.2048
837.7	0.20998
837.8	0.22204
837.9	0.23608
838	0.2675
838.1	0.28591
838.2	0.32437
838.3	0.35515
838.4	0.39316
838.5	0.4445
838.6	0.48727
838.7	0.52946
838.8	0.55513
838.9	0.57241
839	0.57716
839.1	0.56096
839.2	0.53763
839.3	0.50331
839.4	0.45447
839.5	0.41922
839.6	0.37414
839.7	0.33716
839.8	0.30631
839.9	0.27481
840	0.26037
840.1	0.23699
840.2	0.22307
840.3	0.21213
840.4	0.19497
840.5	0.19153
840.6	0.17946
840.7	0.17249
840.8	0.17363
840.9	0.16834
841	0.16475
841.1	0.16701
841.2	0.16641
841.3	0.17287
841.4	0.17145
841.5	0.17287
841.6	0.18319
841.7	0.18305
841.8	0.18536
841.9	0.19116
842	0.19797
842.1	0.20113
842.2	0.20158
842.3	0.20141
842.4	0.19765
842.5	0.18932
842.6	0.18143
842.7	0.17491
842.8	0.16714
842.9	0.15522
843	0.14976
843.1	0.14549
843.2	0.13467
843.3	0.13345
843.4	0.13063
843.5	0.12538
843.6	0.1233
843.7	0.11942
843.8	0.11736
843.9	0.11797
844	0.11428
844.1	0.11359
844.2	0.10686
844.3	0.1021
844.4	0.11125
844.5	0.10252
844.6	0.098929
844.7	0.09606
844.8	0.10253
844.9	0.10232
845	0.098509
845.1	0.094386
845.2	0.1028
845.3	0.10067
845.4	0.098977
845.5	0.09857
845.6	0.097448
845.7	0.095466
845.8	0.094716
845.9	0.092663
846	0.09324
846.1	0.097977
846.2	0.098186
846.3	0.096819
846.4	0.10114
846.5	0.10434
846.6	0.10403
846.7	0.10133
846.8	0.10285
846.9	0.10674
847	0.10198
847.1	0.10106
847.2	0.10539
847.3	0.11371
847.4	0.10915
847.5	0.11848
847.6	0.12148
847.7	0.11913
847.8	0.12178
847.9	0.12047
848	0.11637
848.1	0.11313
848.2	0.11836
848.3	0.11955
848.4	0.11911
848.5	0.11445
848.6	0.11217
848.7	0.11387
848.8	0.106
848.9	0.10737
849	0.10976
849.1	0.11201
849.2	0.11068
849.3	0.11208
849.4	0.10721
849.5	0.1101
849.6	0.10701
849.7	0.11069
849.8	0.10315
849.9	0.10611
850	0.11552
850.1	0.096014
850.2	0.062144
850.3	0.043519
850.4	0.023365
850.5	0.023082
850.6	0.010095
850.7	0.031258
850.8	0.022973
850.9	0.028774
851	0.025746
851.1	0.019494
851.2	0.011037
851.3	0.017733
851.4	0.019023
851.5	0.011883
851.6	0.016837
851.7	0.012155
851.8	0.02358
851.9	0.011994
852	0.066393
852.1	0.012332
852.2	0.01092
852.3	0.012837
852.4	0.028931
852.5	0.011566
852.6	0.018443
852.7	0.015657
852.8	0.012221
852.9	0.014637
853	0.018121
853.1	0.019642
853.2	0.014265
853.3	0.010424
853.4	0.011911
853.5	0.012637
853.6	0.015728
853.7	0.012224
853.8	0.094933
853.9	0.011086
854	0.016467
854.1	0.01465
854.2	0.012666
854.3	0.019099
854.4	0.080742
854.5	0.012118
854.6	0.011612
854.7	0.024039
854.8	0.043632
854.9	0.015938
855	0.02694
855.1	0.029047
855.2	0.012119
855.3	0.011151
855.4	0.027877
855.5	0.029987
855.6	0.010901
855.7	0.028657
855.8	0.032499
855.9	0.025298
856	0.025032
856.1	0.025464
856.2	0.018942
856.3	0.018123
856.4	0.019028
856.5	0.010378
856.6	0.017144
856.7	0.012484
856.8	0.018217
856.9	0.010428
857	0.012128
857.1	0.016453
857.2	0.012565
857.3	0.015815
857.4	0.01264
857.5	0.01281
857.6	0.012075
857.7	0.018499
857.8	0.017267
857.9	0.014203
858	0.010899
858.1	0.010436
858.2	0.010181
858.3	0.013632
858.4	0.012073
858.5	0.011296
858.6	0.013228
858.7	0.014486
858.8	0.011279
858.9	0.012929
859	0.014563
859.1	0.012952
859.2	0.017276
859.3	0.014574
859.4	0.010315
859.5	0.015902
859.6	0.011371
859.7	0.012231
859.8	0.013719
859.9	0.010423
860	0.035378
860.1	0.027046
860.2	0.023938
860.3	0.037126
860.4	0.020768
860.5	0.028144
860.6	0.029784
860.7	0.023268
860.8	0.021656
860.9	0.028064
861	0.029624
861.1	0.030084
861.2	0.022206
861.3	0.029948
861.4	0.002041
861.5	0.023284
861.6	0.045611
861.7	0.02724
861.8	0.020298
861.9	0.039414
862	0.031752
862.1	0.030832
862.2	0.02293
862.3	0.021408
862.4	0.041144
862.5	0.026778
862.6	0.045245
862.7	0.039456
862.8	0.026902
862.9	0.025888
863	0.030058
863.1	0.033482
863.2	0.035962
863.3	0.020962
863.4	0.045202
863.5	0.036022
863.6	0.043846
863.7	0.05909
863.8	0.038934
863.9	0.046876
864	0.0685
864.1	0.03571
864.2	0.022982
864.3	0.042794
864.4	0.051798
864.5	0.048138
864.6	0.05028
864.7	0.0362
864.8	0.059288
864.9	0.05093
865	0.057968
865.1	0.029586
865.2	0.041502
865.3	0.022952
865.4	0.02132
865.5	0.024574
865.6	0.02445
865.7	0.038308
865.8	0.07487
865.9	0.041482
866	0.056948
866.1	0.034008
866.2	0.055676
866.3	0.046906
866.4	0.051094
866.5	0.056474
866.6	0.035152
866.7	0.04203
866.8	0.021192
866.9	0.021355
867	0.05251
867.1	0.052988
867.2	0.047844
867.3	0.02666
867.4	0.043104
867.5	0.047648
867.6	0.020832
867.7	0.05483
867.8	0.05637
867.9	0.023284
868	0.006769
868.1	0.040546
868.2	0.089918
868.3	0.11883
868.4	0.055559
868.5	0.09049
868.6	0.073283
868.7	0.047429
868.8	0.094935
868.9	0.087253
869	0.13894
869.1	0.056094
869.2	0.040662
869.3	0.023235
869.4	0.098395
869.5	0.1282
869.6	0.14264
869.7	0.030097
869.8	0.086917
869.9	0.050868
870	0.059244
870.1	0.024584
870.2	0.042936
870.3	0.021295
870.4	0.072976
870.5	0.077532
870.6	0.08893
870.7	0.17227
870.8	0.066149
870.9	0.15935
871	0.018654
871.1	0.13695
871.2	0.0214
871.3	0.050497
871.4	0.12751
871.5	0.013549
871.6	0.14076
871.7	0.12478
871.8	0.15947
871.9	0.12197
872	0.074227
872.1	0.021457
872.2	0.005965
872.3	0.073704
872.4	0.025375
872.5	0.025362
872.6	0.049198
872.7	0.002708
872.8	0.06346
872.9	0.026755
873	0.05321
873.1	0.09963
873.2	0.087767
873.3	0.14083
873.4	0.006566
873.5	0.066836
873.6	0.13361
873.7	0.009148
873.8	0.054324
873.9	0.055821
874	0.071775
874.1	0.080767
874.2	0.02262
874.3	0.087755
874.4	0.10094
874.5	0.014287
874.6	0.01042
874.7	0.093365
874.8	0.058292
874.9	0.042695
875	0.010643
875.1	0.034014
875.2	0.005754
875.3	0.014487
875.4	0.013442
875.5	0.038058
875.6	0.016979
875.7	0.12291
875.8	0.021766
875.9	0.030276
876	0.045768
876.1	0.039556
876.2	0.1528
876.3	0.22389
876.4	0.30606
876.5	0.29971
876.6	0.31147
876.7	0.34778
876.8	0.44148
876.9	0.55815
877	0.54644
877.1	0.66334
877.2	0.55378
877.3	0.71643
877.4	0.54453
877.5	0.51339
877.6	0.41732
877.7	0.5137
877.8	0.3095
877.9	0.3915
878	0.32819
878.1	0.35377
878.2	0.4075
878.3	0.44816
878.4	0.39192
878.5	0.52588
878.6	0.67962
878.7	0.77765
878.8	0.82358
878.9	0.94048
879	0.98033
879.1	1.1356
879.2	1.1455
879.3	1.1387
879.4	1.2038
879.5	1.0274
879.6	0.87104
879.7	0.85065
879.8	0.71911
879.9	0.665
880	0.512
880.1	0.36585
880.2	0.55518
880.3	0.28508
880.4	0.29423
880.5	0.18448
880.6	0.14806
880.7	0.19827
880.8	0.095887
880.9	0.1962
881	0.18248
881.1	0.029934
881.2	0.1081
881.3	0.002486
881.4	0.11825
881.5	0.14078
881.6	0.13857
881.7	0.021321
881.8	0.025381
881.9	0.09818
882	0.013695
882.1	0.055069
882.2	0.01942
882.3	0.038572
882.4	0.049643
882.5	0.017174
882.6	0.09737
882.7	0.04687
882.8	0.002732
882.9	0.005271
883	0.040371
883.1	0.004057
883.2	0.01812
883.3	0.03087
883.4	0.060035
883.5	0.036281
883.6	0.026778
883.7	0.079122
883.8	0.068805
883.9	0.11655
884	0.034549
884.1	0.005296
884.2	0.037479
884.3	0.025345
884.4	0.084636
884.5	0.003349
884.6	0.04033
884.7	0.035779
884.8	0.059419
884.9	0.003032
885	0.13165
885.1	0.052624
885.2	0.19775
885.3	0.054607
885.4	0.048951
885.5	0.10714
885.6	0.048567
885.7	0.031798
885.8	0.065314
885.9	0.06277
886	0.011025
886.1	0.035695
886.2	0.023536
886.3	0.006886
886.4	0.054258
886.5	0.008276
886.6	0.038223
886.7	0.043372
886.8	0.083101
886.9	0.041519
887	0.026714
887.1	0.03567
887.2	0.002691
887.3	0.089698
887.4	0.031588
887.5	0.057293
887.6	0.051348
887.7	0.020355
887.8	0.081544
887.9	0.001053
888	0.017109
888.1	0.053306
888.2	0.03618
888.3	0.045437
888.4	0.053244
888.5	0.023263
888.6	0.060695
888.7	0.046598
888.8	0.17198
888.9	0.030959
889	0.076781
889.1	0.027529
889.2	0.071204
889.3	0.083381
889.4	0.024201
889.5	0.049933
889.6	0.077525
889.7	0.004314
889.8	0.084439
889.9	0.024116
890	0.056531
890.1	0.072117
890.2	0.008436
890.3	0.063465
890.4	0.061352
890.5	0.022691
890.6	0.10412
890.7	0.006061
890.8	0.067413
890.9	0.06283
891	0.073205
891.1	0.059647
891.2	0.10669
891.3	0.12157
891.4	0.19977
891.5	0.14427
891.6	0.20301
891.7	0.33897
891.8	0.35521
891.9	0.30547
892	0.43493
892.1	0.56151
892.2	0.67549
892.3	0.78532
892.4	1.0924
892.5	1.2804
892.6	1.5322
892.7	1.7154
892.8	1.8718
892.9	1.8061
893	1.6685
893.1	1.5266
893.2	1.3441
893.3	1.1197
893.4	0.95402
893.5	0.70815
893.6	0.5825
893.7	0.55556
893.8	0.50302
893.9	0.41193
894	0.43575
894.1	0.38026
894.2	0.3618
894.3	0.47307
894.4	0.61284
894.5	0.69252
894.6	0.86729
894.7	1.0394
894.8	1.3245
894.9	1.4218
895	1.4684
895.1	1.5568
895.2	1.433
895.3	1.2719
895.4	1.1148
895.5	0.96926
895.6	0.83877
895.7	0.69758
895.8	0.5575
895.9	0.49759
896	0.43611
896.1	0.38397
896.2	0.32984
896.3	0.26436
896.4	0.23364
896.5	0.28874
896.6	0.14473
896.7	0.21109
896.8	0.2366
896.9	0.29452
897	0.21446
897.1	0.31124
897.2	0.20538
897.3	0.32554
897.4	0.27054
897.5	0.3515
897.6	0.33155
897.7	0.22379
897.8	0.37539
897.9	0.45181
898	0.3267
898.1	0.30461
898.2	0.31379
898.3	0.27488
898.4	0.28098
898.5	0.2118
898.6	0.17412
898.7	0.19187
898.8	0.12068
898.9	0.1132
899	0.089744
899.1	0.080083
899.2	0.10313
899.3	0.066715
899.4	0.077952
899.5	0.10991
899.6	0.022236
899.7	0.13238
899.8	0.033032
899.9	0.072487
900	0.013696
900.1	0.028015
900.2	0.002514
900.3	0.014036
900.4	0.016491
900.5	0.003468
900.6	0.010354
900.7	0.005655
900.8	0.002162
900.9	0.012378
901	0.0235
901.1	0.03894
901.2	0.08646
901.3	0.036766
901.4	0.057369
901.5	0.075087
901.6	0.066651
901.7	0.030965
901.8	0.015645
901.9	0.021427
902	0.032623
902.1	0.044899
902.2	0.018529
902.3	0.022398
902.4	0.024998
902.5	0.006947
902.6	0.023086
902.7	0.086757
902.8	0.008313
902.9	0.032942
903	0.064707
903.1	0.026215
903.2	0.071953
903.3	0.009301
903.4	0.01863
903.5	0.084006
903.6	0.031011
903.7	0.054369
903.8	0.015196
903.9	0.035303
904	0.023999
904.1	0.030499
904.2	0.030753
904.3	0.021129
904.4	0.032861
904.5	0.027524
904.6	0.055445
904.7	0.061335
904.8	0.01928
904.9	0.025161
905	0.017633
905.1	0.010681
905.2	0.07439
905.3	0.056481
905.4	0.032446
905.5	0.063956
905.6	0.033507
905.7	0.073347
905.8	0.098354
905.9	0.00302
906	0.046505
906.1	0.037664
906.2	0.033966
906.3	0.054075
906.4	0.004071
906.5	0.09806
906.6	0.021235
906.7	0.085777
906.8	0.048077
906.9	0.002908
907	0.029187
907.1	0.006961
907.2	0.065379
907.3	0.053891
907.4	0.008917
907.5	0.02581
907.6	0.033016
907.7	0.018842
907.8	0.029201
907.9	0.042112
908	0.028817
908.1	0.06764
908.2	0.01615
908.3	0.042001
908.4	0.024389
908.5	0.006205
908.6	0.05542
908.7	0.000472
908.8	0.055317
908.9	0.071736
909	0.009898
909.1	0.052775
909.2	0.1261
909.3	0.003234
909.4	0.10609
909.5	0.011717
909.6	0.006372
909.7	0.032905
909.8	0.083327
909.9	0.000846
910	0.049028
910.1	0.055994
910.2	0.024784
910.3	0.034996
910.4	0.070316
910.5	0.051533
910.6	0.054388
910.7	0.032722
910.8	0.10526
910.9	0.021777
911	0.07913
911.1	0.077817
911.2	0.057625
911.3	0.026161
911.4	0.084588
911.5	0.026957
911.6	0.006106
911.7	0.055876
911.8	0.065982
911.9	0.081206
912	0.12866
912.1	0.10522
912.2	0.11561
912.3	0.10555
912.4	0.12647
912.5	0.13624
912.6	0.14235
912.7	0.146
912.8	0.17734
912.9	0.19705
913	0.17528
913.1	0.2018
913.2	0.14585
913.3	0.1652
913.4	0.24333
913.5	0.2098
913.6	0.17017
913.7	0.23807
913.8	0.23442
913.9	0.26886
914	0.32261
914.1	0.31705
914.2	0.35404
914.3	0.3985
914.4	0.37317
914.5	0.30038
914.6	0.39147
914.7	0.28818
914.8	0.29968
914.9	0.23205
915	0.16226
915.1	0.1768
915.2	0.13574
915.3	0.17162
915.4	0.10427
915.5	0.086179
915.6	0.085722
915.7	0.12127
915.8	0.071963
915.9	0.064866
916	0.10242
916.1	0.053451
916.2	0.065396
916.3	0.053867
916.4	0.055776
916.5	0.052865
916.6	0.043824
916.7	0.035651
916.8	0.011486
916.9	0.098379
917	0.056882
917.1	0.033281
917.2	0.041581
917.3	0.019649
917.4	0.032868
917.5	0.000517
917.6	0.009109
917.7	0.02096
917.8	0.020792
917.9	0.037428
918	0.039518
918.1	0.020567
918.2	0.097667
918.3	0.011575
918.4	0.008351
918.5	0.017131
918.6	0.019724
918.7	0.028791
918.8	0.019106
918.9	0.003473
919	0.087982
919.1	0.00464
919.2	0.005535
919.3	0.01422
919.4	0.022262
919.5	0.013254
919.6	0.080235
919.7	0.008712
919.8	0.026087
919.9	0.040721
920	0.05234
920.1	0.011538
920.2	0.03499
920.3	0.034397
920.4	0.058512
920.5	0.035657
920.6	0.042311
920.7	0.007261
920.8	0.003997
920.9	0.031173
921	0.006943
921.1	0.036803
921.2	0.077822
921.3	0.015501
921.4	0.031689
921.5	0.052855
921.6	0.048814
921.7	0.004648
921.8	0.054517
921.9	0.047313
922	0.039558
922.1	0.040518
922.2	0.06358
922.3	0.016248
922.4	0.028963
922.5	0.015209
922.6	0.034824
922.7	0.021049
922.8	0.073889
922.9	0.054957
923	0.041155
923.1	0.046262
923.2	0.092388
923.3	0.041399
923.4	0.048911
923.5	0.04959
923.6	0.044374
923.7	0.052553
923.8	0.024859
923.9	0.012382
924	0.065855
924.1	0.04621
924.2	0.033615
924.3	0.065152
924.4	0.07067
924.5	0.086094
924.6	0.050406
924.7	0.019919
924.8	0.049216
924.9	0.038963
925	0.030428
925.1	0.0717
925.2	0.036525
925.3	0.030764
925.4	0.003605
925.5	0.038132
925.6	0.030913
925.7	0.033092
925.8	0.011469
925.9	0.011395
926	0.029954
926.1	0.012412
926.2	0.067727
926.3	0.047179
926.4	0.070562
926.5	0.008189
926.6	0.024622
926.7	0.00184
926.8	0.049487
926.9	0.03519
927	0.007459
927.1	0.007692
927.2	0.045316
927.3	0.011883
927.4	0.030678
927.5	0.001705
927.6	0.074911
927.7	0.018828
927.8	0.026388
927.9	0.037488
928	0.01776
928.1	0.012076
928.2	0.07963
928.3	0.041324
928.4	0.094007
928.5	0.063503
928.6	0.048446
928.7	0.10018
928.8	0.057312
928.9	0.087468
929	0.12176
929.1	0.11467
929.2	0.087141
929.3	0.10588
929.4	0.10839
929.5	0.127
929.6	0.11428
929.7	0.14402
929.8	0.14637
929.9	0.14672
930	0.075345
930.1	0.155
930.2	0.11818
930.3	0.077442
930.4	0.089121
930.5	0.077906
930.6	0.065113
930.7	0.11357
930.8	0.13543
930.9	0.055895
931	0.084322
931.1	0.072125
931.2	0.06399
931.3	0.062635
931.4	0.072416
931.5	0.065133
931.6	0.095873
931.7	0.025358
931.8	0.028095
931.9	0.075449
932	0.029866
932.1	0.044647
932.2	0.073224
932.3	0.051424
932.4	0.055975
932.5	0.048158
932.6	0.049497
932.7	0.053904
932.8	0.025742
932.9	0.072638
933	0.028028
933.1	0.027155
933.2	0.055693
933.3	0.055947
933.4	0.05247
933.5	0.055274
933.6	0.029449
933.7	0.003044
933.8	0.043867
933.9	0.045439
934	0.035342
934.1	0.03738
934.2	0.046718
934.3	0.055889
934.4	0.013581
934.5	0.02628
934.6	0.011282
934.7	0.023972
934.8	0.032196
934.9	0.033294
935	0.003192
935.1	0.004655
935.2	0.014798
935.3	0.063491
935.4	0.064834
935.5	0.02777
935.6	0.0276
935.7	0.021574
935.8	0.079756
935.9	0.025544
936	0.02247
936.1	0.046254
936.2	0.047449
936.3	0.024958
936.4	0.039575
936.5	0.053257
936.6	0.04201
936.7	0.062555
936.8	0.065745
936.9	0.05531
937	0.011703
937.1	0.01448
937.2	0.002696
937.3	0.038981
937.4	0.050301
937.5	0.024983
937.6	0.057229
937.7	0.07534
937.8	0.061708
937.9	0.061962
938	0.077577
938.1	0.055002
938.2	0.036648
938.3	0.048479
938.4	0.055905
938.5	0.040744
938.6	0.054618
938.7	0.044592
938.8	0.063635
938.9	0.004951
939	0.080176
939.1	0.027888
939.2	0.043549
939.3	0.032239
939.4	0.040949
939.5	0.005336
939.6	0.061693
939.7	0.021482
939.8	0.003991
939.9	0.045885
940	0.046232
940.1	0.014912
940.2	0.041183
940.3	0.078598
940.4	0.053092
940.5	0.04811
940.6	0.064044
940.7	0.000833
940.8	0.026263
940.9	0.02914
941	0.045041
941.1	0.084919
941.2	0.03722
941.3	0.017365
941.4	0.013971
941.5	0.049981
941.6	0.032734
941.7	0.072954
941.8	0.056026
941.9	0.043691
942	0.04399
942.1	0.051642
942.2	0.047934
942.3	0.05583
942.4	0.059674
942.5	0.064327
942.6	0.069317
942.7	0.022238
942.8	0.05705
942.9	0.029909
943	0.069244
943.1	0.057669
943.2	0.080099
943.3	0.061626
943.4	0.032107
943.5	0.0645
943.6	0.035568
943.7	0.047911
943.8	0.061193
943.9	0.074331
944	0.12057
944.1	0.079019
944.2	0.027837
944.3	0.10934
944.4	0.073042
944.5	0.088316
944.6	0.081719
944.7	0.046717
944.8	0.063777
944.9	0.044915
945	0.078889
945.1	0.079761
945.2	0.064177
945.3	0.076756
945.4	0.07383
945.5	0.090108
945.6	0.10775
945.7	0.06914
945.8	0.10113
945.9	0.078996
946	0.096059
946.1	0.092785
946.2	0.10383
946.3	0.10552
946.4	0.13243
946.5	0.090613
946.6	0.10926
946.7	0.10224
946.8	0.10427
946.9	0.093017
947	0.13465
947.1	0.066633
947.2	0.04145
947.3	0.084369
947.4	0.075738
947.5	0.070112
947.6	0.068375
947.7	0.062949
947.8	0.1293
947.9	0.070322
948	0.073658
948.1	0.015777
948.2	0.067104
948.3	0.047003
948.4	0.058861
948.5	0.056847
948.6	0.069967
948.7	0.044482
948.8	0.053593
948.9	0.059513
949	0.03964
949.1	0.062478
949.2	0.030191
949.3	0.053914
949.4	0.082063
949.5	0.027664
949.6	0.053635
949.7	0.024513
949.8	0.040481
949.9	0.03228
950	0.083829
950.1	0.021258
950.2	0.019358
950.3	0.049933
950.4	0.078336
950.5	0.060965
950.6	0.067653
950.7	0.053349
950.8	0.046155
950.9	0.055931
951	0.050429
951.1	0.026388
951.2	0.045893
951.3	0.047369
951.4	0.032064
951.5	0.063545
951.6	0.058646
951.7	0.059655
951.8	0.073447
951.9	0.049732
952	0.047252
952.1	0.061991
952.2	0.061913
952.3	0.042784
952.4	0.02071
952.5	0.063004
952.6	0.051263
952.7	0.064835
952.8	0.073046
952.9	0.061179
953	0.046525
953.1	0.07917
953.2	0.048254
953.3	0.063942
953.4	0.051727
953.5	0.076816
953.6	0.060824
953.7	0.043442
953.8	0.065445
953.9	0.064846
954	0.024627
954.1	0.053966
954.2	0.049834
954.3	0.03208
954.4	0.059776
954.5	0.049884
954.6	0.051598
954.7	0.054822
954.8	0.057009
954.9	0.053062
955	0.064746
955.1	0.084494
955.2	0.031574
955.3	0.042767
955.4	0.069973
955.5	0.075251
955.6	0.08767
955.7	0.075569
955.8	0.092084
955.9	0.040798
956	0.069788
956.1	0.048643
956.2	0.077977
956.3	0.06482
956.4	0.040552
956.5	0.053422
956.6	0.042936
956.7	0.065548
956.8	0.057247
956.9	0.070885
957	0.06087
957.1	0.035032
957.2	0.048778
957.3	0.040654
957.4	0.087921
957.5	0.041157
957.6	0.040986
957.7	0.07187
957.8	0.033412
957.9	0.046821
958	0.058342
958.1	0.077057
958.2	0.03512
958.3	0.055937
958.4	0.058833
958.5	0.061968
958.6	0.045571
958.7	0.061103
958.8	0.071672
958.9	0.083792
959	0.056429
959.1	0.052814
959.2	0.044165
959.3	0.081956
959.4	0.040248
959.5	0.068755
959.6	0.06934
959.7	0.054846
959.8	0.041113
959.9	0.060024
960	0.070637
960.1	0.096321
960.2	0.054456
960.3	0.037577
960.4	0.048692
960.5	0.067783
960.6	0.071162
960.7	0.056614
960.8	0.056347
960.9	0.05127
961	0.061385
961.1	0.070769
961.2	0.056224
961.3	0.048226
961.4	0.059183
961.5	0.074247
961.6	0.066637
961.7	0.07575
961.8	0.064636
961.9	0.067254
962	0.052109
962.1	0.0509
962.2	0.075784
962.3	0.07016
962.4	0.0559
962.5	0.069529
962.6	0.053621
962.7	0.083082
962.8	0.06972
962.9	0.08416
963	0.058216
963.1	0.071474
963.2	0.0768
963.3	0.078714
963.4	0.053421
963.5	0.10638
963.6	0.063226
963.7	0.074177
963.8	0.063211
963.9	0.06129
964	0.050172
964.1	0.075001
964.2	0.06096
964.3	0.055312
964.4	0.054102
964.5	0.073264
964.6	0.063529
964.7	0.071496
964.8	0.04724
964.9	0.071954
965	0.044544
965.1	0.08832
965.2	0.060697
965.3	0.082884
965.4	0.061815
965.5	0.072573
965.6	0.089638
965.7	0.066828
965.8	0.041758
965.9	0.061801
966	0.052002
966.1	0.071437
966.2	0.072069
966.3	0.088275
966.4	0.076178
966.5	0.064261
966.6	0.10941
966.7	0.076036
966.8	0.074914
966.9	0.069245
967	0.067463
967.1	0.058688
967.2	0.063333
967.3	0.080165
967.4	0.07193
967.5	0.078204
967.6	0.04948
967.7	0.056566
967.8	0.069484
967.9	0.075564
968	0.048037
968.1	0.078869
968.2	0.082257
968.3	0.063367
968.4	0.081434
968.5	0.037963
968.6	0.058928
968.7	0.068018
968.8	0.089722
968.9	0.097123
969	0.083239
969.1	0.053865
969.2	0.075677
969.3	0.060078
969.4	0.070591
969.5	0.079947
969.6	0.066553
969.7	0.040878
969.8	0.073971
969.9	0.087138
970	0.060094
970.1	0.061055
970.2	0.053144
970.3	0.063638
970.4	0.085933
970.5	0.074603
970.6	0.07884
970.7	0.051904
970.8	0.054795
970.9	0.10183
971	0.039205
971.1	0.049895
971.2	0.06156
971.3	0.042776
971.4	0.082053
971.5	0.06208
971.6	0.068904
971.7	0.06008
971.8	0.056415
971.9	0.066397
972	0.052911
972.1	0.065577
972.2	0.050634
972.3	0.054089
972.4	0.065104
972.5	0.068431
972.6	0.055928
972.7	0.066476
972.8	0.06304
972.9	0.048955
973	0.059671
973.1	0.057516
973.2	0.066838
973.3	0.061277
973.4	0.087548
973.5	0.083998
973.6	0.085059
973.7	0.049363
973.8	0.035938
973.9	0.078269
974	0.068903
974.1	0.090512
974.2	0.070449
974.3	0.044799
974.4	0.068256
974.5	0.087625
974.6	0.069802
974.7	0.067499
974.8	0.076513
974.9	0.07269
975	0.082713
975.1	0.068034
975.2	0.06876
975.3	0.061732
975.4	0.1023
975.5	0.057703
975.6	0.066457
975.7	0.043232
975.8	0.069043
975.9	0.11084
976	0.067844
976.1	0.067481
976.2	0.056303
976.3	0.059291
976.4	0.055721
976.5	0.0631
976.6	0.050145
976.7	0.069183
976.8	0.075402
976.9	0.067605
977	0.061855
977.1	0.062909
977.2	0.073806
977.3	0.072448
977.4	0.087173
977.5	0.053771
977.6	0.055624
977.7	0.085224
977.8	0.066184
977.9	0.064498
978	0.078101
978.1	0.060325
978.2	0.059963
978.3	0.089881
978.4	0.068311
978.5	0.052889
978.6	0.076108
978.7	0.075886
978.8	0.045781
978.9	0.082797
979	0.098325
979.1	0.076754
979.2	0.052997
979.3	0.076975
979.4	0.079314
979.5	0.057805
979.6	0.072566
979.7	0.082683
979.8	0.077099
979.9	0.064807
980	0.077462
980.1	0.094682
980.2	0.066271
980.3	0.059154
980.4	0.086828
980.5	0.073321
980.6	0.098524
980.7	0.071836
980.8	0.095742
980.9	0.068412
981	0.070746
981.1	0.048863
981.2	0.085716
981.3	0.07714
981.4	0.083799
981.5	0.05665
981.6	0.075669
981.7	0.068345
981.8	0.054433
981.9	0.069275
982	0.054982
982.1	0.072524
982.2	0.060531
982.3	0.07625
982.4	0.052358
982.5	0.084489
982.6	0.07639
982.7	0.11466
982.8	0.066007
982.9	0.099734
983	0.065565
983.1	0.096665
983.2	0.079801
983.3	0.091505
983.4	0.082015
983.5	0.080464
983.6	0.067122
983.7	0.05925
983.8	0.074678
983.9	0.052916
984	0.068885
984.1	0.081884
984.2	0.07891
984.3	0.090278
984.4	0.060064
984.5	0.070002
984.6	0.072763
984.7	0.054027
984.8	0.083177
984.9	0.072429
985	0.071971
985.1	0.060217
985.2	0.088749
985.3	0.073911
985.4	0.063804
985.5	0.11001
985.6	0.074051
985.7	0.091631
985.8	0.1125
985.9	0.080401
986	0.061392
986.1	0.064429
986.2	0.070922
986.3	0.084069
986.4	0.078437
986.5	0.054911
986.6	0.071598
986.7	0.06901
986.8	0.096845
986.9	0.057753
987	0.062534
987.1	0.072667
987.2	0.08183
987.3	0.065886
987.4	0.065334
987.5	0.071591
987.6	0.064844
987.7	0.079534
987.8	0.10048
987.9	0.066638
988	0.077492
988.1	0.072438
988.2	0.068999
988.3	0.078485
988.4	0.069786
988.5	0.079748
988.6	0.074408
988.7	0.069595
988.8	0.06526
988.9	0.090353
989	0.10156
989.1	0.10759
989.2	0.090445
989.3	0.074275
989.4	0.081496
989.5	0.10402
989.6	0.060139
989.7	0.084056
989.8	0.066024
989.9	0.074223
990	0.050586
990.1	0.087537
990.2	0.080856
990.3	0.070118
990.4	0.057994
990.5	0.10059
990.6	0.091177
990.7	0.081358
990.8	0.078669
990.9	0.07622
991	0.061386
991.1	0.06395
991.2	0.099505
991.3	0.080309
991.4	0.057153
991.5	0.07503
991.6	0.081729
991.7	0.081364
991.8	0.07176
991.9	0.079876
992	0.07899
992.1	0.087929
992.2	0.083954
992.3	0.096809
992.4	0.099588
992.5	0.087133
992.6	0.084583
992.7	0.083695
992.8	0.077449
992.9	0.055302
993	0.095484
993.1	0.076167
993.2	0.066057
993.3	0.075059
993.4	0.094781
993.5	0.1018
993.6	0.067628
993.7	0.07564
993.8	0.072624
993.9	0.05856
994	0.092728
994.1	0.073994
994.2	0.074529
994.3	0.057393
994.4	0.068833
994.5	0.079596
994.6	0.091389
994.7	0.071479
994.8	0.076749
994.9	0.060453
995	0.049115
995.1	0.052329
995.2	0.0563
995.3	0.069769
995.4	0.065247
995.5	0.08672
995.6	0.098773
995.7	0.090409
995.8	0.078886
995.9	0.05777
996	0.065429
996.1	0.085288
996.2	0.10683
996.3	0.061271
996.4	0.10452
996.5	0.073636
996.6	0.11033
996.7	0.067043
996.8	0.080265
996.9	0.10378
997	0.09912
997.1	0.085149
997.2	0.081225
997.3	0.090025
997.4	0.060064
997.5	0.061588
997.6	0.086124
997.7	0.067662
997.8	0.060783
997.9	0.081849
998	0.075654
998.1	0.10033
998.2	0.054383
998.3	0.078303
998.4	0.056674
998.5	0.077053
998.6	0.096162
998.7	0.091845
998.8	0.083213
998.9	0.097634
999	0.088514
999.1	0.070844
999.2	0.08199
999.3	0.086419
999.4	0.10276
999.5	0.063012
999.6	0.068505
999.7	0.090802
999.8	0.099575
999.9	0.089452
1000	0.087946
