400	0.46415
400.1	0.46092
400.2	0.46589
400.3	0.46358
400.4	0.46447
400.5	0.45951
400.6	0.46011
400.7	0.45895
400.8	0.4612
400.9	0.45725
401	0.45826
401.1	0.45931
401.2	0.45713
401.3	0.455
401.4	0.45745
401.5	0.45661
401.6	0.45528
401.7	0.45311
401.8	0.45339
401.9	0.45271
402	0.44973
402.1	0.45025
402.2	0.45086
402.3	0.45017
402.4	0.45009
402.5	0.44772
402.6	0.44556
402.7	0.44428
402.8	0.44379
402.9	0.44504
403	0.43963
403.1	0.44131
403.2	0.44335
403.3	0.44351
403.4	0.43867
403.5	0.43915
403.6	0.44075
403.7	0.44063
403.8	0.43883
403.9	0.43779
404	0.43619
404.1	0.43519
404.2	0.43631
404.3	0.43723
404.4	0.434
404.5	0.43268
404.6	0.43276
404.7	0.4322
404.8	0.42766
404.9	0.43164
405	0.42913
405.1	0.42917
405.2	0.42989
405.3	0.42746
405.4	0.42977
405.5	0.42845
405.6	0.42718
405.7	0.42654
405.8	0.42921
405.9	0.42678
406	0.4263
406.1	0.42766
406.2	0.42269
406.3	0.42658
406.4	0.42364
406.5	0.42404
406.6	0.42523
406.7	0.4234
406.8	0.42543
406.9	0.42062
407	0.41995
407.1	0.42074
407.2	0.42161
407.3	0.4211
407.4	0.42181
407.5	0.42396
407.6	0.42965
407.7	0.43635
407.8	0.44355
407.9	0.4462
408	0.44993
408.1	0.44989
408.2	0.44403
408.3	0.44091
408.4	0.43599
408.5	0.4342
408.6	0.43336
408.7	0.43033
408.8	0.43108
408.9	0.42499
409	0.42626
409.1	0.42428
409.2	0.42312
409.3	0.4184
409.4	0.4136
409.5	0.4102
409.6	0.40637
409.7	0.40491
409.8	0.40301
409.9	0.40171
410	0.40073
410.1	0.39793
410.2	0.39793
410.3	0.39651
410.4	0.39604
410.5	0.39754
410.6	0.39498
410.7	0.39129
410.8	0.39243
410.9	0.39125
411	0.39117
411.1	0.38882
411.2	0.39152
411.3	0.3876
411.4	0.38862
411.5	0.39353
411.6	0.38674
411.7	0.38795
411.8	0.38513
411.9	0.38368
412	0.38404
412.1	0.38157
412.2	0.38384
412.3	0.38192
412.4	0.37884
412.5	0.382
412.6	0.37946
412.7	0.37872
412.8	0.37923
412.9	0.37415
413	0.37524
413.1	0.37333
413.2	0.3738
413.3	0.37638
413.4	0.37493
413.5	0.36804
413.6	0.37104
413.7	0.36781
413.8	0.37423
413.9	0.36831
414	0.36936
414.1	0.36921
414.2	0.37053
414.3	0.36454
414.4	0.36532
414.5	0.3654
414.6	0.36932
414.7	0.36334
414.8	0.3633
414.9	0.36442
415	0.36345
415.1	0.36004
415.2	0.36206
415.3	0.36116
415.4	0.36256
415.5	0.35857
415.6	0.36163
415.7	0.36136
415.8	0.36039
415.9	0.36031
416	0.35938
416.1	0.35981
416.2	0.35779
416.3	0.3581
416.4	0.36012
416.5	0.35678
416.6	0.35407
416.7	0.35899
416.8	0.35767
416.9	0.35911
417	0.35961
417.1	0.35609
417.2	0.35551
417.3	0.35396
417.4	0.35736
417.5	0.35744
417.6	0.36039
417.7	0.35884
417.8	0.36155
417.9	0.36812
418	0.37376
418.1	0.3795
418.2	0.37704
418.3	0.37181
418.4	0.36648
418.5	0.3586
418.6	0.3557
418.7	0.35527
418.8	0.354
418.9	0.35272
419	0.35411
419.1	0.35241
419.2	0.35551
419.3	0.35733
419.4	0.35729
419.5	0.35736
419.6	0.3588
419.7	0.3607
419.8	0.35946
419.9	0.35981
420	0.3576
420.1	0.35733
420.2	0.35605
420.3	0.35636
420.4	0.35926
420.5	0.36016
420.6	0.35748
420.7	0.36167
420.8	0.35884
420.9	0.35857
421	0.35438
421.1	0.35272
421.2	0.35203
421.3	0.35071
421.4	0.34948
421.5	0.3516
421.6	0.34882
421.7	0.35021
421.8	0.3467
421.9	0.3487
422	0.35067
422.1	0.34859
422.2	0.34739
422.3	0.35218
422.4	0.35083
422.5	0.35419
422.6	0.35702
422.7	0.36081
422.8	0.36244
422.9	0.3687
423	0.38165
423.1	0.39667
423.2	0.41832
423.3	0.45355
423.4	0.50963
423.5	0.58435
423.6	0.66055
423.7	0.70851
423.8	0.69339
423.9	0.62968
424	0.552
424.1	0.48312
424.2	0.44095
424.3	0.41099
424.4	0.39415
424.5	0.38298
424.6	0.37966
424.7	0.3811
424.8	0.3772
424.9	0.38392
425	0.39313
425.1	0.40475
425.2	0.42022
425.3	0.43755
425.4	0.45335
425.5	0.46294
425.6	0.45959
425.7	0.44436
425.8	0.42102
425.9	0.40013
426	0.38505
426.1	0.37232
426.2	0.36225
426.3	0.36109
426.4	0.35307
426.5	0.34816
426.6	0.3482
426.7	0.34755
426.8	0.3467
426.9	0.34365
427	0.34701
427.1	0.34569
427.2	0.35067
427.3	0.35156
427.4	0.35462
427.5	0.35396
427.6	0.34886
427.7	0.34361
427.8	0.33976
427.9	0.33815
428	0.33634
428.1	0.33442
428.2	0.33316
428.3	0.33189
428.4	0.33139
428.5	0.33009
428.6	0.32921
428.7	0.32974
428.8	0.33435
428.9	0.33235
429	0.33542
429.1	0.33354
429.2	0.33442
429.3	0.33392
429.4	0.33776
429.5	0.33849
429.6	0.33703
429.7	0.33673
429.8	0.33488
429.9	0.33454
430	0.33273
430.1	0.33507
430.2	0.33592
430.3	0.33819
430.4	0.344
430.5	0.34038
430.6	0.34169
430.7	0.34319
430.8	0.3425
430.9	0.34219
431	0.34211
431.1	0.3415
431.2	0.3418
431.3	0.34176
431.4	0.34092
431.5	0.33938
431.6	0.34169
431.7	0.34069
431.8	0.34184
431.9	0.33857
432	0.3365
432.1	0.33465
432.2	0.3368
432.3	0.33469
432.4	0.33684
432.5	0.33765
432.6	0.337
432.7	0.33588
432.8	0.33653
432.9	0.33634
433	0.33342
433.1	0.33546
433.2	0.33669
433.3	0.33642
433.4	0.34084
433.5	0.34677
433.6	0.35407
433.7	0.36812
433.8	0.38913
433.9	0.41586
434	0.43033
434.1	0.43591
434.2	0.42308
434.3	0.40175
434.4	0.38302
434.5	0.36893
434.6	0.36074
434.7	0.36132
434.8	0.35802
434.9	0.35651
435	0.35814
435.1	0.35582
435.2	0.35516
435.3	0.35946
435.4	0.36058
435.5	0.36555
435.6	0.37072
435.7	0.37891
435.8	0.39129
435.9	0.40893
436	0.43707
436.1	0.47431
436.2	0.51613
436.3	0.56436
436.4	0.61828
436.5	0.67617
436.6	0.74946
436.7	0.84942
436.8	0.98265
436.9	1.1709
437	1.4268
437.1	1.7431
437.2	2.0959
437.3	2.3825
437.4	2.502
437.5	2.381
437.6	2.0843
437.7	1.7159
437.8	1.3616
437.9	1.0796
438	0.86068
438.1	0.70406
438.2	0.60092
438.3	0.52936
438.4	0.48422
438.5	0.45713
438.6	0.43803
438.7	0.42754
438.8	0.41499
438.9	0.40826
439	0.39856
439.1	0.3909
439.2	0.38439
439.3	0.37704
439.4	0.36648
439.5	0.3562
439.6	0.34801
439.7	0.33842
439.8	0.33231
439.9	0.32764
440	0.32465
440.1	0.31976
440.2	0.31477
440.3	0.31271
440.4	0.30587
440.5	0.30352
440.6	0.30052
440.7	0.29818
440.8	0.29413
440.9	0.29432
441	0.29183
441.1	0.29194
441.2	0.28994
441.3	0.29201
441.4	0.28956
441.5	0.2933
441.6	0.29103
441.7	0.2978
441.8	0.30587
441.9	0.31522
442	0.33235
442.1	0.35442
442.2	0.38016
442.3	0.40818
442.4	0.42308
442.5	0.4201
442.6	0.40207
442.7	0.37962
442.8	0.35466
442.9	0.33193
443	0.31184
443.1	0.297
443.2	0.28368
443.3	0.27441
443.4	0.26726
443.5	0.26363
443.6	0.25632
443.7	0.25688
443.8	0.25294
443.9	0.25071
444	0.25082
444.1	0.25093
444.2	0.24952
444.3	0.24863
444.4	0.24681
444.5	0.24733
444.6	0.24859
444.7	0.24529
444.8	0.24689
444.9	0.2447
445	0.24618
445.1	0.246
445.2	0.24611
445.3	0.24296
445.4	0.24462
445.5	0.2414
445.6	0.24348
445.7	0.24322
445.8	0.24214
445.9	0.24092
446	0.2437
446.1	0.24151
446.2	0.24011
446.3	0.23981
446.4	0.23915
446.5	0.23981
446.6	0.23804
446.7	0.23774
446.8	0.23804
446.9	0.23992
447	0.2387
447.1	0.23597
447.2	0.23863
447.3	0.23571
447.4	0.23774
447.5	0.23423
447.6	0.23409
447.7	0.23645
447.8	0.23685
447.9	0.23752
448	0.23689
448.1	0.23567
448.2	0.23571
448.3	0.23401
448.4	0.2346
448.5	0.23501
448.6	0.23335
448.7	0.23434
448.8	0.23102
448.9	0.23324
449	0.23475
449.1	0.23486
449.2	0.23434
449.3	0.23324
449.4	0.23246
449.5	0.23346
449.6	0.23423
449.7	0.23475
449.8	0.23364
449.9	0.23217
450	0.23305
450.1	0.22962
450.2	0.23313
450.3	0.22863
450.4	0.2318
450.5	0.22874
450.6	0.23246
450.7	0.23209
450.8	0.22999
450.9	0.22911
451	0.23032
451.1	0.2301
451.2	0.23036
451.3	0.22981
451.4	0.23257
451.5	0.23036
451.6	0.2304
451.7	0.23021
451.8	0.22926
451.9	0.23128
452	0.22951
452.1	0.22635
452.2	0.22903
452.3	0.22793
452.4	0.22856
452.5	0.23102
452.6	0.23084
452.7	0.23066
452.8	0.23032
452.9	0.23228
453	0.23113
453.1	0.23125
453.2	0.23508
453.3	0.2325
453.4	0.23102
453.5	0.23412
453.6	0.23593
453.7	0.23386
453.8	0.23316
453.9	0.23501
454	0.23556
454.1	0.236
454.2	0.23254
454.3	0.23578
454.4	0.2353
454.5	0.23822
454.6	0.23892
454.7	0.23689
454.8	0.23885
454.9	0.23793
455	0.2407
455.1	0.24103
455.2	0.24007
455.3	0.24022
455.4	0.24051
455.5	0.24288
455.6	0.24348
455.7	0.24666
455.8	0.24474
455.9	0.24904
456	0.24982
456.1	0.25093
456.2	0.25379
456.3	0.25752
456.4	0.25755
456.5	0.25871
456.6	0.26076
456.7	0.26292
456.8	0.26445
456.9	0.26412
457	0.26475
457.1	0.26289
457.2	0.26498
457.3	0.26576
457.4	0.26363
457.5	0.26759
457.6	0.26875
457.7	0.26845
457.8	0.27062
457.9	0.27145
458	0.27118
458.1	0.27362
458.2	0.27681
458.3	0.27745
458.4	0.28305
458.5	0.28692
458.6	0.29213
458.7	0.29519
458.8	0.3003
458.9	0.30234
459	0.30462
459.1	0.31005
459.2	0.31324
459.3	0.31431
459.4	0.31992
459.5	0.32358
459.6	0.32523
459.7	0.33097
459.8	0.33753
459.9	0.33884
460	0.34111
460.1	0.34477
460.2	0.34959
460.3	0.35183
460.4	0.35771
460.5	0.36373
460.6	0.36823
460.7	0.37552
460.8	0.38224
460.9	0.38987
461	0.39738
461.1	0.4081
461.2	0.41705
461.3	0.42865
461.4	0.44235
461.5	0.45299
461.6	0.4671
461.7	0.47914
461.8	0.49066
461.9	0.50072
462	0.51659
462.1	0.53529
462.2	0.55732
462.3	0.58033
462.4	0.60625
462.5	0.63222
462.6	0.65315
462.7	0.66627
462.8	0.67538
462.9	0.67569
463	0.66868
463.1	0.65362
463.2	0.63373
463.3	0.61224
463.4	0.58808
463.5	0.56928
463.6	0.54657
463.7	0.53334
463.8	0.51576
463.9	0.50257
464	0.49164
464.1	0.48565
464.2	0.48056
464.3	0.4763
464.4	0.47589
464.5	0.47829
464.6	0.48032
464.7	0.48553
464.8	0.49401
464.9	0.49998
465	0.50918
465.1	0.52109
465.2	0.53156
465.3	0.54724
465.4	0.56063
465.5	0.57345
465.6	0.58609
465.7	0.60403
465.8	0.61699
465.9	0.63119
466	0.64255
466.1	0.65345
466.2	0.66199
466.3	0.67192
466.4	0.68796
466.5	0.7034
466.6	0.71978
466.7	0.73851
466.8	0.75774
466.9	0.77498
467	0.7938
467.1	0.80864
467.2	0.81911
467.3	0.82469
467.4	0.83191
467.5	0.83537
467.6	0.83499
467.7	0.83322
467.8	0.82548
467.9	0.82358
468	0.8154
468.1	0.81179
468.2	0.80416
468.3	0.79803
468.4	0.79288
468.5	0.78247
468.6	0.77375
468.7	0.76805
468.8	0.75992
468.9	0.75702
469	0.75326
469.1	0.75218
469.2	0.75471
469.3	0.75711
469.4	0.7621
469.5	0.76564
469.6	0.77448
469.7	0.78481
469.8	0.79596
469.9	0.80629
470	0.81791
470.1	0.82818
470.2	0.8436
470.3	0.85606
470.4	0.86933
470.5	0.88286
470.6	0.90019
470.7	0.92088
470.8	0.94574
470.9	0.98057
471	1.0205
471.1	1.0728
471.2	1.1311
471.3	1.1954
471.4	1.263
471.5	1.3213
471.6	1.3615
471.7	1.3613
471.8	1.3207
471.9	1.2432
472	1.1543
472.1	1.059
472.2	0.97075
472.3	0.89383
472.4	0.83056
472.5	0.77936
472.6	0.73739
472.7	0.7066
472.8	0.68338
472.9	0.66863
473	0.65741
473.1	0.6565
473.2	0.65467
473.3	0.65145
473.4	0.65284
473.5	0.65606
473.6	0.66129
473.7	0.66103
473.8	0.66776
473.9	0.67266
474	0.67881
474.1	0.68325
474.2	0.69286
474.3	0.70158
474.4	0.71229
474.5	0.72568
474.6	0.74594
474.7	0.77028
474.8	0.79978
474.9	0.84084
475	0.89483
475.1	0.95949
475.2	1.0556
475.3	1.1763
475.4	1.343
475.5	1.5595
475.6	1.8477
475.7	2.2079
475.8	2.6669
475.9	3.1914
476	3.667
476.1	3.9512
476.2	3.9383
476.3	3.6294
476.4	3.1731
476.5	2.6975
476.6	2.2563
476.7	1.8755
476.8	1.5714
476.9	1.3198
477	1.1264
477.1	0.96725
477.2	0.8482
477.3	0.75123
477.4	0.67907
477.5	0.62253
477.6	0.57658
477.7	0.54203
477.8	0.51638
477.9	0.49491
478	0.4804
478.1	0.4673
478.2	0.45979
478.3	0.45774
478.4	0.46249
478.5	0.46819
478.6	0.47402
478.7	0.48414
478.8	0.49266
478.9	0.50605
479	0.52125
479.1	0.54111
479.2	0.55979
479.3	0.56567
479.4	0.55309
479.5	0.52816
479.6	0.49319
479.7	0.47074
479.8	0.46447
479.9	0.46589
480	0.47188
480.1	0.4828
480.2	0.49495
480.3	0.50852
480.4	0.52836
480.5	0.55175
480.6	0.57974
480.7	0.60971
480.8	0.63991
480.9	0.67538
481	0.71291
481.1	0.7496
481.2	0.795
481.3	0.84999
481.4	0.92504
481.5	1.0174
481.6	1.1389
481.7	1.2726
481.8	1.3934
481.9	1.4814
482	1.5155
482.1	1.504
482.2	1.4708
482.3	1.4348
482.4	1.4103
482.5	1.3809
482.6	1.3278
482.7	1.2471
482.8	1.1459
482.9	1.0323
483	0.92805
483.1	0.83019
483.2	0.75145
483.3	0.68757
483.4	0.64147
483.5	0.60634
483.6	0.58406
483.7	0.56874
483.8	0.56075
483.9	0.55677
484	0.55162
484.1	0.54816
484.2	0.54145
484.3	0.53434
484.4	0.52721
484.5	0.52613
484.6	0.53056
484.7	0.54294
484.8	0.56105
484.9	0.58592
485	0.61631
485.1	0.64654
485.2	0.67429
485.3	0.68532
485.4	0.67424
485.5	0.6387
485.6	0.59127
485.7	0.53912
485.8	0.48524
485.9	0.44187
486	0.40451
486.1	0.37143
486.2	0.34419
486.3	0.31919
486.4	0.30272
486.5	0.28805
486.6	0.27748
486.7	0.27051
486.8	0.26229
486.9	0.25711
487	0.2522
487.1	0.24818
487.2	0.24244
487.3	0.24063
487.4	0.23811
487.5	0.23504
487.6	0.22948
487.7	0.22948
487.8	0.22524
487.9	0.22506
488	0.22282
488.1	0.22326
488.2	0.22469
488.3	0.22841
488.4	0.23224
488.5	0.23737
488.6	0.23807
488.7	0.24022
488.8	0.23759
488.9	0.23456
489	0.22962
489.1	0.22179
489.2	0.21878
489.3	0.21343
489.4	0.20838
489.5	0.20258
489.6	0.20105
489.7	0.20116
489.8	0.19744
489.9	0.19421
490	0.19301
490.1	0.19341
490.2	0.19203
490.3	0.19257
490.4	0.19472
490.5	0.19512
490.6	0.19446
490.7	0.20017
490.8	0.2028
490.9	0.20882
491	0.21482
491.1	0.22469
491.2	0.23545
491.3	0.24741
491.4	0.25696
491.5	0.26087
491.6	0.26195
491.7	0.25417
491.8	0.24362
491.9	0.23338
492	0.22282
492.1	0.21486
492.2	0.20586
492.3	0.19883
492.4	0.19189
492.5	0.18978
492.6	0.18645
492.7	0.18232
492.8	0.17972
492.9	0.17878
493	0.17539
493.1	0.17474
493.2	0.17445
493.3	0.17441
493.4	0.17423
493.5	0.17438
493.6	0.17229
493.7	0.17373
493.8	0.1716
493.9	0.17221
494	0.17293
494.1	0.17319
494.2	0.17355
494.3	0.17398
494.4	0.1729
494.5	0.1738
494.6	0.17315
494.7	0.17178
494.8	0.17427
494.9	0.1751
495	0.17622
495.1	0.17694
495.2	0.17863
495.3	0.18283
495.4	0.18464
495.5	0.18576
495.6	0.18514
495.7	0.18514
495.8	0.18293
495.9	0.18351
496	0.18232
496.1	0.18196
496.2	0.18275
496.3	0.18406
496.4	0.18373
496.5	0.18927
496.6	0.18873
496.7	0.19272
496.8	0.19417
496.9	0.19759
497	0.19744
497.1	0.20258
497.2	0.20451
497.3	0.20386
497.4	0.20495
497.5	0.2044
497.6	0.20477
497.7	0.20207
497.8	0.19996
497.9	0.19744
498	0.1949
498.1	0.19043
498.2	0.19025
498.3	0.18721
498.4	0.18804
498.5	0.18666
498.6	0.18645
498.7	0.18608
498.8	0.18761
498.9	0.18732
499	0.1884
499.1	0.1888
499.2	0.18967
499.3	0.18898
499.4	0.19022
499.5	0.19283
499.6	0.19297
499.7	0.19265
499.8	0.19334
499.9	0.19425
500	0.19741
500.1	0.19701
500.2	0.20065
500.3	0.20036
500.4	0.20386
500.5	0.20229
500.6	0.20663
500.7	0.20754
500.8	0.2086
500.9	0.21028
501	0.21277
501.1	0.21317
501.2	0.21761
501.3	0.21904
501.4	0.22142
501.5	0.22396
501.6	0.22425
501.7	0.22716
501.8	0.23077
501.9	0.2346
502	0.23268
502.1	0.23438
502.2	0.23904
502.3	0.24111
502.4	0.24418
502.5	0.24715
502.6	0.25045
502.7	0.25495
502.8	0.25603
502.9	0.26102
503	0.26389
503.1	0.26718
503.2	0.27141
503.3	0.27493
503.4	0.27985
503.5	0.28481
503.6	0.29005
503.7	0.295
503.8	0.3023
503.9	0.30743
504	0.31382
504.1	0.31972
504.2	0.32871
504.3	0.33438
504.4	0.3433
504.5	0.35535
504.6	0.35601
504.7	0.36812
504.8	0.37848
504.9	0.38662
505	0.39608
505.1	0.40419
505.2	0.41578
505.3	0.42447
505.4	0.43579
505.5	0.44315
505.6	0.45653
505.7	0.46722
505.8	0.47772
505.9	0.48981
506	0.50392
506.1	0.51754
506.2	0.53093
506.3	0.54653
506.4	0.5631
506.5	0.57987
506.6	0.59888
506.7	0.6212
506.8	0.64022
506.9	0.66396
507	0.68501
507.1	0.71015
507.2	0.73442
507.3	0.75584
507.4	0.77165
507.5	0.79132
507.6	0.80518
507.7	0.82539
507.8	0.84487
507.9	0.86611
508	0.88962
508.1	0.9164
508.2	0.95146
508.3	0.98503
508.4	1.0238
508.5	1.0598
508.6	1.1018
508.7	1.1452
508.8	1.1906
508.9	1.2327
509	1.2775
509.1	1.3201
509.2	1.3629
509.3	1.407
509.4	1.4551
509.5	1.5023
509.6	1.5476
509.7	1.5929
509.8	1.6362
509.9	1.676
510	1.7146
510.1	1.7534
510.2	1.7893
510.3	1.8331
510.4	1.875
510.5	1.9206
510.6	1.9714
510.7	2.0254
510.8	2.0887
510.9	2.1459
511	2.1999
511.1	2.2489
511.2	2.2932
511.3	2.3331
511.4	2.3688
511.5	2.4028
511.6	2.4278
511.7	2.4527
511.8	2.4728
511.9	2.4896
512	2.5001
512.1	2.5019
512.2	2.4975
512.3	2.4824
512.4	2.4554
512.5	2.4189
512.6	2.3735
512.7	2.3218
512.8	2.2615
512.9	2.1966
513	2.1332
513.1	2.0736
513.2	2.0144
513.3	1.96
513.4	1.9034
513.5	1.852
513.6	1.8022
513.7	1.7571
513.8	1.7112
513.9	1.666
514	1.6256
514.1	1.5838
514.2	1.5491
514.3	1.511
514.4	1.4767
514.5	1.4408
514.6	1.4063
514.7	1.3753
514.8	1.3438
514.9	1.3133
515	1.2877
515.1	1.2639
515.2	1.2435
515.3	1.2289
515.4	1.2168
515.5	1.2124
515.6	1.2105
515.7	1.2119
515.8	1.2177
515.9	1.2288
516	1.244
516.1	1.2616
516.2	1.2881
516.3	1.3155
516.4	1.355
516.5	1.4081
516.6	1.4707
516.7	1.5462
516.8	1.6424
516.9	1.7501
517	1.885
517.1	2.0281
517.2	2.1666
517.3	2.2829
517.4	2.3557
517.5	2.358
517.6	2.3024
517.7	2.2042
517.8	2.0971
517.9	1.9952
518	1.901
518.1	1.8163
518.2	1.7488
518.3	1.6958
518.4	1.665
518.5	1.6494
518.6	1.6579
518.7	1.6839
518.8	1.7281
518.9	1.7837
519	1.8556
519.1	1.9308
519.2	2.0122
519.3	2.0945
519.4	2.1845
519.5	2.2901
519.6	2.4037
519.7	2.5366
519.8	2.6956
519.9	2.8786
520	3.0707
520.1	3.2678
520.2	3.4395
520.3	3.5705
520.4	3.6305
520.5	3.6135
520.6	3.532
520.7	3.4028
520.8	3.2503
520.9	3.09
521	2.9369
521.1	2.7922
521.2	2.6557
521.3	2.5372
521.4	2.4312
521.5	2.346
521.6	2.2898
521.7	2.2553
521.8	2.2461
521.9	2.2547
522	2.274
522.1	2.3032
522.2	2.3304
522.3	2.3568
522.4	2.3781
522.5	2.4012
522.6	2.4207
522.7	2.4364
522.8	2.438
522.9	2.4147
523	2.3545
523.1	2.2636
523.2	2.1418
523.3	2.0092
523.4	1.8783
523.5	1.7584
523.6	1.6514
523.7	1.5621
523.8	1.4832
523.9	1.4248
524	1.3838
524.1	1.3556
524.2	1.3411
524.3	1.3402
524.4	1.3508
524.5	1.3693
524.6	1.3921
524.7	1.4107
524.8	1.4269
524.9	1.4335
525	1.4286
525.1	1.4083
525.2	1.3736
525.3	1.3325
525.4	1.2872
525.5	1.2352
525.6	1.1844
525.7	1.1338
525.8	1.091
525.9	1.0481
526	1.0122
526.1	0.98013
526.2	0.94623
526.3	0.92103
526.4	0.89579
526.5	0.87008
526.6	0.85229
526.7	0.83527
526.8	0.81624
526.9	0.80218
527	0.78577
527.1	0.77667
527.2	0.76965
527.3	0.76269
527.4	0.76015
527.5	0.75969
527.6	0.75928
527.7	0.7661
527.8	0.77051
527.9	0.78147
528	0.79366
528.1	0.81494
528.2	0.83817
528.3	0.86956
528.4	0.90441
528.5	0.94379
528.6	0.98285
528.7	1.0159
528.8	1.0411
528.9	1.0632
529	1.0782
529.1	1.095
529.2	1.1118
529.3	1.1333
529.4	1.1631
529.5	1.1994
529.6	1.2482
529.7	1.3133
529.8	1.4126
529.9	1.5592
530	1.7731
530.1	2.0692
530.2	2.4828
530.3	2.9583
530.4	3.3789
530.5	3.4969
530.6	3.2218
530.7	2.7014
530.8	2.1559
530.9	1.7106
531	1.3907
531.1	1.1521
531.2	0.9959
531.3	0.88948
531.4	0.81615
531.5	0.76655
531.6	0.7377
531.7	0.72165
531.8	0.7171
531.9	0.7259
532	0.74644
532.1	0.78147
532.2	0.83359
532.3	0.90888
532.4	1.0172
532.5	1.1563
532.6	1.304
532.7	1.4205
532.8	1.476
532.9	1.4757
533	1.4559
533.1	1.4547
533.2	1.4921
533.3	1.5623
533.4	1.6623
533.5	1.7504
533.6	1.7884
533.7	1.7528
533.8	1.6362
533.9	1.4704
534	1.2986
534.1	1.1362
534.2	0.9962
534.3	0.8829
534.4	0.7876
534.5	0.71149
534.6	0.64989
534.7	0.60442
534.8	0.57518
534.9	0.55644
535	0.55447
535.1	0.56042
535.2	0.5781
535.3	0.60493
535.4	0.63714
535.5	0.68145
535.6	0.72675
535.7	0.77571
535.8	0.81448
535.9	0.84206
536	0.84891
536.1	0.83233
536.2	0.80153
536.3	0.75272
536.4	0.70584
536.5	0.66343
536.6	0.62795
536.7	0.60335
536.8	0.58461
536.9	0.57021
537	0.56336
537.1	0.56693
537.2	0.56924
537.3	0.57788
537.4	0.59033
537.5	0.60553
537.6	0.62026
537.7	0.63507
537.8	0.65315
537.9	0.66903
538	0.69039
538.1	0.71563
538.2	0.74198
538.3	0.7748
538.4	0.8019
538.5	0.81647
538.6	0.81846
538.7	0.81077
538.8	0.7973
538.9	0.78403
539	0.77936
539.1	0.77927
539.2	0.78866
539.3	0.8074
539.4	0.83668
539.5	0.87084
539.6	0.91321
539.7	0.96253
539.8	1.0219
539.9	1.0922
540	1.1799
540.1	1.2856
540.2	1.4182
540.3	1.5925
540.4	1.8075
540.5	2.0636
540.6	2.3754
540.7	2.7256
540.8	3.082
540.9	3.3804
541	3.6056
541.1	3.6908
541.2	3.6434
541.3	3.4815
541.4	3.2373
541.5	2.9523
541.6	2.6404
541.7	2.3383
541.8	2.0607
541.9	1.7971
542	1.5694
542.1	1.3731
542.2	1.2146
542.3	1.0797
542.4	0.9779
542.5	0.89895
542.6	0.84393
542.7	0.81105
542.8	0.80795
542.9	0.82748
543	0.87791
543.1	0.95072
543.2	1.0488
543.3	1.1552
543.4	1.2511
543.5	1.302
543.6	1.3098
543.7	1.264
543.8	1.1873
543.9	1.0909
544	0.98245
544.1	0.87691
544.2	0.78101
544.3	0.68739
544.4	0.6095
544.5	0.53945
544.6	0.4778
544.7	0.42511
544.8	0.38067
544.9	0.34292
545	0.31275
545.1	0.28681
545.2	0.2667
545.3	0.248
545.4	0.23143
545.5	0.21687
545.6	0.20761
545.7	0.1985
545.8	0.1908
545.9	0.18283
546	0.17726
546.1	0.17157
546.2	0.16481
546.3	0.16272
546.4	0.1596
546.5	0.15509
546.6	0.15327
546.7	0.15066
546.8	0.14848
546.9	0.1472
547	0.1416
547.1	0.14217
547.2	0.14043
547.3	0.13741
547.4	0.13776
547.5	0.13595
547.6	0.1341
547.7	0.13375
547.8	0.13112
547.9	0.13251
548	0.13205
548.1	0.13095
548.2	0.12992
548.3	0.12702
548.4	0.12818
548.5	0.13017
548.6	0.12903
548.7	0.12794
548.8	0.12836
548.9	0.12751
549	0.12557
549.1	0.12822
549.2	0.12804
549.3	0.12652
549.4	0.12627
549.5	0.12553
549.6	0.12829
549.7	0.12634
549.8	0.12755
549.9	0.12705
550	0.12836
550.1	0.12833
550.2	0.12974
550.3	0.12971
550.4	0.13325
550.5	0.13137
550.6	0.13318
550.7	0.13467
550.8	0.13567
550.9	0.14061
551	0.14349
551.1	0.14748
551.2	0.15173
551.3	0.15663
551.4	0.16018
551.5	0.1643
551.6	0.16362
551.7	0.16419
551.8	0.16319
551.9	0.16265
552	0.16369
552.1	0.16585
552.2	0.16894
552.3	0.1742
552.4	0.18178
552.5	0.18866
552.6	0.19744
552.7	0.20342
552.8	0.2048
552.9	0.20429
553	0.20039
553.1	0.19221
553.2	0.18438
553.3	0.18001
553.4	0.17636
553.5	0.17135
553.6	0.17013
553.7	0.16995
553.8	0.16984
553.9	0.17448
554	0.17715
554.1	0.17983
554.2	0.18532
554.3	0.18873
554.4	0.19091
554.5	0.19098
554.6	0.19297
554.7	0.19257
554.8	0.19366
554.9	0.19621
555	0.1965
555.1	0.19988
555.2	0.20433
555.3	0.20831
555.4	0.21006
555.5	0.20988
555.6	0.2112
555.7	0.20761
555.8	0.20586
555.9	0.20367
556	0.19872
556.1	0.19941
556.2	0.19744
556.3	0.1981
556.4	0.19752
556.5	0.19788
556.6	0.19868
556.7	0.20258
556.8	0.204
556.9	0.20382
557	0.20521
557.1	0.20433
557.2	0.20353
557.3	0.20455
557.4	0.20316
557.5	0.20448
557.6	0.20495
557.7	0.20725
557.8	0.20699
557.9	0.20772
558	0.2101
558.1	0.21149
558.2	0.2105
558.3	0.21508
558.4	0.21838
558.5	0.21926
558.6	0.21823
558.7	0.22546
558.8	0.22488
558.9	0.22955
559	0.23165
559.1	0.23545
559.2	0.23863
559.3	0.245
559.4	0.25067
559.5	0.25569
559.6	0.26371
559.7	0.27085
559.8	0.27741
559.9	0.28692
560	0.28907
560.1	0.29644
560.2	0.30196
560.3	0.305
560.4	0.30473
560.5	0.30079
560.6	0.29723
560.7	0.28768
560.8	0.27989
560.9	0.27272
561	0.26442
561.1	0.25774
561.2	0.24974
561.3	0.24689
561.4	0.24277
561.5	0.23685
561.6	0.23538
561.7	0.23571
561.8	0.2366
561.9	0.23985
562	0.2417
562.1	0.24618
562.2	0.2519
562.3	0.258
562.4	0.2646
562.5	0.27257
562.6	0.27989
562.7	0.28591
562.8	0.29394
562.9	0.29942
563	0.30784
563.1	0.31115
563.2	0.31736
563.3	0.31869
563.4	0.31919
563.5	0.31843
563.6	0.31824
563.7	0.31545
563.8	0.31009
563.9	0.30689
564	0.3003
564.1	0.2992
564.2	0.29538
564.3	0.29296
564.4	0.29103
564.5	0.29024
564.6	0.29081
564.7	0.2899
564.8	0.2879
564.9	0.2882
565	0.28384
565.1	0.28338
565.2	0.28034
565.3	0.27801
565.4	0.27895
565.5	0.28068
565.6	0.28218
565.7	0.28975
565.8	0.29387
565.9	0.29678
566	0.30348
566.1	0.31195
566.2	0.31378
566.3	0.3182
566.4	0.32438
566.5	0.32725
566.6	0.32905
566.7	0.32745
566.8	0.32691
566.9	0.3284
567	0.32442
567.1	0.32461
567.2	0.32041
567.3	0.31805
567.4	0.31568
567.5	0.31359
567.6	0.31576
567.7	0.31435
567.8	0.31602
567.9	0.31602
568	0.31785
568.1	0.31854
568.2	0.3227
568.3	0.32362
568.4	0.32435
568.5	0.32829
568.6	0.32871
568.7	0.33281
568.8	0.33166
568.9	0.33546
569	0.33546
569.1	0.33911
569.2	0.34069
569.3	0.33996
569.4	0.34269
569.5	0.346
569.6	0.34793
569.7	0.35203
569.8	0.35632
569.9	0.36186
570	0.36777
570.1	0.37634
570.2	0.38059
570.3	0.38795
570.4	0.39569
570.5	0.39789
570.6	0.40175
570.7	0.40226
570.8	0.40301
570.9	0.40629
571	0.40818
571.1	0.40846
571.2	0.40965
571.3	0.41174
571.4	0.41237
571.5	0.41661
571.6	0.41891
571.7	0.42591
571.8	0.42551
571.9	0.4308
572	0.43384
572.1	0.43595
572.2	0.43787
572.3	0.44027
572.4	0.4448
572.5	0.44572
572.6	0.45319
572.7	0.46064
572.8	0.46698
572.9	0.47407
573	0.48312
573.1	0.49373
573.2	0.50093
573.3	0.507
573.4	0.51284
573.5	0.51832
573.6	0.52315
573.7	0.52613
573.8	0.5299
573.9	0.53413
574	0.53629
574.1	0.53837
574.2	0.54065
574.3	0.54186
574.4	0.54561
574.5	0.54853
574.6	0.5515
574.7	0.55811
574.8	0.56764
574.9	0.57392
575	0.58529
575.1	0.59696
575.2	0.61074
575.3	0.62374
575.4	0.63758
575.5	0.65267
575.6	0.66623
575.7	0.68175
575.8	0.69897
575.9	0.71603
576	0.72949
576.1	0.74892
576.2	0.76878
576.3	0.78792
576.4	0.81045
576.5	0.83411
576.6	0.85822
576.7	0.88433
576.8	0.90888
576.9	0.9312
577	0.95743
577.1	0.9782
577.2	1.0009
577.3	1.0204
577.4	1.0405
577.5	1.0574
577.6	1.0763
577.7	1.0928
577.8	1.1096
577.9	1.1284
578	1.1447
578.1	1.1624
578.2	1.1852
578.3	1.2103
578.4	1.2363
578.5	1.2663
578.6	1.3039
578.7	1.3417
578.8	1.386
578.9	1.438
579	1.492
579.1	1.5498
579.2	1.6114
579.3	1.6742
579.4	1.7349
579.5	1.7922
579.6	1.8463
579.7	1.8929
579.8	1.9342
579.9	1.9706
580	2.0058
580.1	2.0441
580.2	2.0843
580.3	2.1226
580.4	2.1685
580.5	2.2229
580.6	2.281
580.7	2.3515
580.8	2.4321
580.9	2.5179
581	2.6115
581.1	2.6949
581.2	2.7868
581.3	2.8733
581.4	2.9668
581.5	3.0703
581.6	3.1997
581.7	3.3533
581.8	3.5432
581.9	3.7717
582	4.0392
582.1	4.3481
582.2	4.6865
582.3	5.0349
582.4	5.3603
582.5	5.6594
582.6	5.91
582.7	6.1595
582.8	6.406
582.9	6.6591
583	6.9273
583.1	7.1806
583.2	7.4157
583.3	7.6013
583.4	7.7292
583.5	7.7609
583.6	7.6898
583.7	7.5177
583.8	7.2479
583.9	6.9014
584	6.5464
584.1	6.1803
584.2	5.8232
584.3	5.4923
584.4	5.2179
584.5	4.9807
584.6	4.7824
584.7	4.6273
584.8	4.5146
584.9	4.4394
585	4.4064
585.1	4.4083
585.2	4.4409
585.3	4.5044
585.4	4.5991
585.5	4.7291
585.6	4.8853
585.7	5.072
585.8	5.3025
585.9	5.5792
586	5.9035
586.1	6.2784
586.2	6.6979
586.3	7.1309
586.4	7.5696
586.5	7.9584
586.6	8.2674
586.7	8.4617
586.8	8.5652
586.9	8.5565
587	8.4441
587.1	8.2631
587.2	7.9985
587.3	7.696
587.4	7.3795
587.5	7.0527
587.6	6.7735
587.7	6.5399
587.8	6.368
587.9	6.2559
588	6.2171
588.1	6.2287
588.2	6.3038
588.3	6.4436
588.4	6.638
588.5	6.8919
588.6	7.2072
588.7	7.5533
588.8	7.9213
588.9	8.3039
589	8.6469
589.1	8.9236
589.2	9.0587
589.3	9.026
589.4	8.8059
589.5	8.4395
589.6	7.9638
589.7	7.458
589.8	6.9607
589.9	6.4819
590	6.0745
590.1	5.7285
590.2	5.446
590.3	5.2133
590.4	5.0478
590.5	4.9383
590.6	4.8844
590.7	4.8801
590.8	4.9208
590.9	5.01
591	5.1485
591.1	5.3356
591.2	5.5657
591.3	5.8462
591.4	6.1629
591.5	6.5268
591.6	6.9539
591.7	7.4225
591.8	7.9198
591.9	8.4497
592	9.0388
592.1	9.6296
592.2	10.246
592.3	10.883
592.4	11.534
592.5	12.201
592.6	12.84
592.7	13.471
592.8	14.084
592.9	14.67
593	15.134
593.1	15.549
593.2	15.834
593.3	16.044
593.4	16.118
593.5	16.194
593.6	16.233
593.7	16.233
593.8	16.213
593.9	16.175
594	16.175
594.1	16.252
594.2	16.252
594.3	16.252
594.4	16.233
594.5	16.08
594.6	15.902
594.7	15.564
594.8	15.252
594.9	14.998
595	14.789
595.1	14.713
595.2	14.68
595.3	14.778
595.4	14.903
595.5	15.097
595.6	15.239
595.7	15.389
595.8	15.564
595.9	15.625
596	15.549
596.1	15.432
596.2	15.212
596.3	14.789
596.4	14.295
596.5	13.744
596.6	13.136
596.7	12.588
596.8	12.079
596.9	11.658
597	11.352
597.1	11.162
597.2	11.088
597.3	11.138
597.4	11.317
597.5	11.578
597.6	11.937
597.7	12.364
597.8	12.804
597.9	13.311
598	13.782
598.1	14.223
598.2	14.607
598.3	14.834
598.4	14.868
598.5	14.713
598.6	14.341
598.7	13.827
598.8	13.219
598.9	12.556
599	11.869
599.1	11.214
599.2	10.584
599.3	9.9791
599.4	9.4018
599.5	8.864
599.6	8.3516
599.7	7.8566
599.8	7.3637
599.9	6.9248
600	6.5181
600.1	6.161
600.2	5.8362
600.3	5.5621
600.4	5.3293
600.5	5.1376
600.6	4.9845
600.7	4.8596
600.8	4.7734
600.9	4.718
601	4.6979
601.1	4.7045
601.2	4.7486
601.3	4.8196
601.4	4.9095
601.5	4.9878
601.6	5.0517
601.7	5.0829
601.8	5.0515
601.9	4.9598
602	4.8149
602.1	4.6217
602.2	4.4016
602.3	4.1628
602.4	3.9114
602.5	3.6767
602.6	3.4605
602.7	3.2733
602.8	3.0914
602.9	2.9465
603	2.8184
603.1	2.7157
603.2	2.619
603.3	2.5393
603.4	2.4758
603.5	2.4177
603.6	2.3728
603.7	2.3365
603.8	2.309
603.9	2.2943
604	2.2881
604.1	2.293
604.2	2.3011
604.3	2.3222
604.4	2.3402
604.5	2.3658
604.6	2.3898
604.7	2.4133
604.8	2.4291
604.9	2.436
605	2.4314
605.1	2.411
605.2	2.3778
605.3	2.3316
605.4	2.2712
605.5	2.1979
605.6	2.1176
605.7	2.0333
605.8	1.9428
605.9	1.8509
606	1.762
606.1	1.6702
606.2	1.5797
606.3	1.494
606.4	1.4127
606.5	1.3318
606.6	1.256
606.7	1.1863
606.8	1.1203
606.9	1.0614
607	1.009
607.1	0.95772
607.2	0.91191
607.3	0.87207
607.4	0.83588
607.5	0.80209
607.6	0.77274
607.7	0.74644
607.8	0.72259
607.9	0.69976
608	0.67604
608.1	0.6602
608.2	0.64572
608.3	0.6336
608.4	0.62382
608.5	0.61918
608.6	0.61262
608.7	0.60818
608.8	0.61284
608.9	0.61695
609	0.6246
609.1	0.63356
609.2	0.64628
609.3	0.66413
609.4	0.67964
609.5	0.69839
609.6	0.71616
609.7	0.73617
609.8	0.75344
609.9	0.76823
610	0.77817
610.1	0.78572
610.2	0.78875
610.3	0.78687
610.4	0.78051
610.5	0.77311
610.6	0.75466
610.7	0.73617
610.8	0.71264
610.9	0.68616
611	0.66042
611.1	0.63175
611.2	0.59854
611.3	0.56684
611.4	0.53409
611.5	0.50216
611.6	0.47062
611.7	0.43919
611.8	0.41063
611.9	0.3797
612	0.35446
612.1	0.32806
612.2	0.30538
612.3	0.28376
612.4	0.26655
612.5	0.249
612.6	0.23523
612.7	0.22036
612.8	0.20871
612.9	0.19828
613	0.18822
613.1	0.17809
613.2	0.16854
613.3	0.16236
613.4	0.15609
613.5	0.14852
613.6	0.14381
613.7	0.13947
613.8	0.13659
613.9	0.13073
614	0.12921
614.1	0.12306
614.2	0.12295
614.3	0.11818
614.4	0.11649
614.5	0.11301
614.6	0.11188
614.7	0.10787
614.8	0.10714
614.9	0.10671
615	0.10405
615.1	0.10082
615.2	0.099913
615.3	0.097463
615.4	0.095959
615.5	0.092396
615.6	0.090233
615.7	0.088524
615.8	0.087165
615.9	0.084101
616	0.081076
616.1	0.077846
616.2	0.077394
616.3	0.077672
616.4	0.076735
616.5	0.073649
616.6	0.071674
616.7	0.072436
616.8	0.068456
616.9	0.066417
617	0.068491
617.1	0.063274
617.2	0.062825
617.3	0.062549
617.4	0.060963
617.5	0.061204
617.6	0.061859
617.7	0.061066
617.8	0.060308
617.9	0.059894
618	0.059859
618.1	0.057345
618.2	0.058963
618.3	0.058033
618.4	0.056656
618.5	0.056277
618.6	0.055142
618.7	0.056759
618.8	0.056037
618.9	0.052529
619	0.055692
619.1	0.053491
619.2	0.053422
619.3	0.051944
619.4	0.049918
619.5	0.05136
619.6	0.052494
619.7	0.050467
619.8	0.053663
619.9	0.052013
620	0.050811
620.1	0.051566
620.2	0.051223
620.3	0.049369
620.4	0.052013
620.5	0.047996
620.6	0.049472
620.7	0.048579
620.8	0.049025
620.9	0.049952
621	0.048682
621.1	0.048648
621.2	0.04827
621.3	0.046624
621.4	0.048614
621.5	0.047207
621.6	0.047824
621.7	0.045664
621.8	0.048614
621.9	0.048305
622	0.046727
622.1	0.04803
622.2	0.049815
622.3	0.047516
622.4	0.045322
622.5	0.046316
622.6	0.045356
622.7	0.047173
622.8	0.046247
622.9	0.046556
623	0.046384
623.1	0.046384
623.2	0.045596
623.3	0.045973
623.4	0.046453
623.5	0.047241
623.6	0.048374
623.7	0.048065
623.8	0.046556
623.9	0.04882
624	0.046761
624.1	0.049266
624.2	0.05009
624.3	0.051223
624.4	0.0527
624.5	0.05215
624.6	0.055692
624.7	0.058171
624.8	0.061756
624.9	0.062411
625	0.069148
625.1	0.073164
625.2	0.081702
625.3	0.089501
625.4	0.10205
625.5	0.11928
625.6	0.13829
625.7	0.16136
625.8	0.19403
625.9	0.23423
626	0.27564
626.1	0.32595
626.2	0.37326
626.3	0.40842
626.4	0.42276
626.5	0.41523
626.6	0.37622
626.7	0.32339
626.8	0.2686
626.9	0.22116
627	0.1803
627.1	0.15127
627.2	0.13098
627.3	0.11579
627.4	0.1038
627.5	0.094527
627.6	0.08964
627.7	0.082501
627.8	0.081111
627.9	0.073545
628	0.070255
628.1	0.066417
628.2	0.063378
628.3	0.062066
628.4	0.061342
628.5	0.060411
628.6	0.056863
628.7	0.058171
628.8	0.056828
628.9	0.057861
629	0.056897
629.1	0.057861
629.2	0.056897
629.3	0.059859
629.4	0.060859
629.5	0.062342
629.6	0.063654
629.7	0.067246
629.8	0.067869
629.9	0.076354
630	0.080798
630.1	0.089466
630.2	0.098548
630.3	0.11065
630.4	0.12525
630.5	0.14338
630.6	0.16387
630.7	0.18066
630.8	0.19029
630.9	0.18561
631	0.17214
631.1	0.15573
631.2	0.13812
631.3	0.12235
631.4	0.11044
631.5	0.098723
631.6	0.092641
631.7	0.082675
631.8	0.078366
631.9	0.074204
632	0.069909
632.1	0.066555
632.2	0.06652
632.3	0.062825
632.4	0.060963
632.5	0.061894
632.6	0.062653
632.7	0.062377
632.8	0.068283
632.9	0.068249
633	0.070221
633.1	0.071986
633.2	0.067246
633.3	0.065139
633.4	0.063792
633.5	0.061308
633.6	0.062308
633.7	0.064413
633.8	0.067972
633.9	0.073095
634	0.078332
634.1	0.089675
634.2	0.096939
634.3	0.10359
634.4	0.10492
634.5	0.10314
634.6	0.095994
634.7	0.09114
634.8	0.086643
634.9	0.082675
635	0.077776
635.1	0.074204
635.2	0.072402
635.3	0.072714
635.4	0.071536
635.5	0.072229
635.6	0.071467
635.7	0.073753
635.8	0.076735
635.9	0.074966
636	0.076215
636.1	0.073372
636.2	0.076319
636.3	0.072575
636.4	0.070324
636.5	0.066624
636.6	0.068837
636.7	0.068525
636.8	0.065173
636.9	0.071709
637	0.070221
637.1	0.076388
637.2	0.075972
637.3	0.079894
637.4	0.08191
637.5	0.083405
637.6	0.08424
637.7	0.081319
637.8	0.080416
637.9	0.080659
638	0.079269
638.1	0.072921
638.2	0.071017
638.3	0.069044
638.4	0.062342
638.5	0.062687
638.6	0.061445
638.7	0.057207
638.8	0.058412
638.9	0.053525
639	0.052219
639.1	0.050673
639.2	0.047241
639.3	0.045904
639.4	0.042376
639.5	0.039878
639.6	0.038237
639.7	0.03472
639.8	0.035607
639.9	0.036427
640	0.035607
640.1	0.035163
640.2	0.034856
640.3	0.037827
640.4	0.038818
640.5	0.04241
640.6	0.04563
640.7	0.047927
640.8	0.05497
640.9	0.058481
641	0.063619
641.1	0.066935
641.2	0.072575
641.3	0.074204
641.4	0.073199
641.5	0.070082
641.6	0.067212
641.7	0.060377
641.8	0.054144
641.9	0.0527
642	0.047824
642.1	0.044499
642.2	0.041315
642.3	0.039776
642.4	0.037656
642.5	0.036734
642.6	0.036529
642.7	0.034788
642.8	0.02998
642.9	0.028039
643	0.02889
643.1	0.026168
643.2	0.02304
643.3	0.024807
643.4	0.025181
643.5	0.022429
643.6	0.023414
643.7	0.023618
643.8	0.021614
643.9	0.022259
644	0.023516
644.1	0.023788
644.2	0.02355
644.3	0.024467
644.4	0.024909
644.5	0.025487
644.6	0.025692
644.7	0.030389
644.8	0.031275
644.9	0.034959
645	0.034105
645.1	0.039878
645.2	0.03711
645.3	0.041863
645.4	0.041863
645.5	0.039297
645.6	0.037144
645.7	0.035914
645.8	0.034105
645.9	0.031854
646	0.027597
646.1	0.026984
646.2	0.026508
646.3	0.025929
646.4	0.022802
646.5	0.021138
646.6	0.019645
646.7	0.017204
646.8	0.016797
646.9	0.01761
647	0.01578
647.1	0.016797
647.2	0.017305
647.3	0.017678
647.4	0.016052
647.5	0.018119
647.6	0.018933
647.7	0.018288
647.8	0.020358
647.9	0.021172
648	0.022055
648.1	0.028277
648.2	0.02729
648.3	0.032195
648.4	0.035744
648.5	0.035197
648.6	0.04022
648.7	0.038272
648.8	0.039194
648.9	0.039194
649	0.036632
649.1	0.036905
649.2	0.033287
649.3	0.034071
649.4	0.033559
649.5	0.031207
649.6	0.026508
649.7	0.026066
649.8	0.023482
649.9	0.022497
650	0.02175
650.1	0.016187
650.2	0.017882
650.3	0.015984
650.4	0.015171
650.5	0.012294
650.6	0.012463
650.7	0.009149
650.8	0.008947
650.9	0.010772
651	0.01067
651.1	0.008947
651.2	0.010467
651.3	0.009183
651.4	0.00969
651.5	0.009893
651.6	0.010264
651.7	0.009014
651.8	0.015475
651.9	0.013816
652	0.013918
652.1	0.01578
652.2	0.016661
652.3	0.015645
652.4	0.015679
652.5	0.015645
652.6	0.013681
652.7	0.011414
652.8	0.013038
652.9	0.012158
653	0.009758
653.1	0.008947
653.2	0.011752
653.3	0.007022
653.4	0.003513
653.5	0.006212
653.6	0.004187
653.7	0.003783
653.8	0.003749
653.9	0.003715
654	0.003985
654.1	0.003108
654.2	0.004491
654.3	0.003142
654.4	0.003075
654.5	0.004558
654.6	0.002974
654.7	0.001693
654.8	0.002165
654.9	0.003783
655	0.001558
655.1	0.001861
655.2	0.002974
655.3	0.0023
655.4	-0.000631
655.5	0.001659
655.6	0.002232
655.7	0.003075
655.8	0.0023
655.9	0.000009
656	0.000582
656.1	0.001659
656.2	0.003412
656.3	-0.001371
656.4	0.001626
656.5	0.004187
656.6	0.002434
656.7	0.002738
656.8	0.001727
656.9	0.002603
657	0.002637
657.1	0.001424
657.2	0.000278
657.3	0.001828
657.4	0.002704
657.5	0.001693
657.6	0.000178
657.7	0.00385
657.8	0.001188
657.9	0.004187
658	0.002266
658.1	0.000548
658.2	0.003041
658.3	0.002198
658.4	0.002502
658.5	0.000885
658.6	0.000986
658.7	0.004525
658.8	0.003985
658.9	0.002232
659	0.000413
659.1	0.001289
659.2	0.001457
659.3	0.001255
659.4	0.002198
659.5	0.0023
659.6	0.002064
659.7	0.00692
659.8	-0.001707
659.9	0.002704
660	-0.00026
660.1	-0.000428
660.2	0.001996
660.3	0.003041
660.4	-0.000328
660.5	0.000009
660.6	-0.000159
660.7	-0.000731
660.8	-0.000799
660.9	0.001255
661	0.002974
661.1	0.001154
661.2	0.000783
661.3	0.001727
661.4	0.000481
661.5	0.002502
661.6	0.001457
661.7	0.001727
661.8	0.001087
661.9	0.003108
662	0.001895
662.1	0.006144
662.2	0.004322
662.3	0.005638
662.4	0.003277
662.5	0.002569
662.6	0.005233
662.7	0.000312
662.8	0.004221
662.9	0.002367
663	0.00412
663.1	0.001491
663.2	0.002771
663.3	0.004154
663.4	0.006785
663.5	0.00358
663.6	0.007292
663.7	0.005469
663.8	0.002738
663.9	0.00584
664	0.004929
664.1	0.007967
664.2	0.002704
664.3	0.005874
664.4	0.005604
664.5	0.00584
664.6	0.005064
664.7	0.006212
664.8	0.005132
664.9	0.008203
665	0.005435
665.1	0.005604
665.2	0.005098
665.3	0.009758
665.4	0.008778
665.5	0.005942
665.6	0.006313
665.7	0.008136
665.8	0.005503
665.9	0.007798
666	0.007258
666.1	0.006751
666.2	0.010129
666.3	0.008744
666.4	0.00439
666.5	0.007595
666.6	0.006616
666.7	0.007123
666.8	0.010028
666.9	0.008203
667	0.011313
667.1	0.010467
667.2	0.010941
667.3	0.012429
667.4	0.009318
667.5	0.010298
667.6	0.012496
667.7	0.008744
667.8	0.012869
667.9	0.011482
668	0.012226
668.1	0.008609
668.2	0.007933
668.3	0.007258
668.4	0.010096
668.5	0.011279
668.6	0.010839
668.7	0.012733
668.8	0.00996
668.9	0.011042
669	0.011211
669.1	0.013783
669.2	0.012158
669.3	0.011516
669.4	0.011989
669.5	0.011685
669.6	0.011854
669.7	0.012429
669.8	0.014392
669.9	0.012598
670	0.015509
670.1	0.013884
670.2	0.014934
670.3	0.018831
670.4	0.013783
670.5	0.018017
670.6	0.015882
670.7	0.017475
670.8	0.017
670.9	0.016492
671	0.017848
671.1	0.018458
671.2	0.020595
671.3	0.021716
671.4	0.018899
671.5	0.021852
671.6	0.020392
671.7	0.022531
671.8	0.017271
671.9	0.023278
672	0.026134
672.1	0.024433
672.2	0.024297
672.3	0.02355
672.4	0.023516
672.5	0.023822
672.6	0.026202
672.7	0.027699
672.8	0.027835
672.9	0.028584
673	0.027086
673.1	0.029129
673.2	0.028107
673.3	0.030048
673.4	0.02729
673.5	0.029571
673.6	0.030355
673.7	0.030968
673.8	0.029095
673.9	0.030559
674	0.031036
674.1	0.029231
674.2	0.030355
674.3	0.030662
674.4	0.029435
674.5	0.031684
674.6	0.030185
674.7	0.032945
674.8	0.035061
674.9	0.034174
675	0.033389
675.1	0.037178
675.2	0.035948
675.3	0.041383
675.4	0.037759
675.5	0.040528
675.6	0.041726
675.7	0.042787
675.8	0.046796
675.9	0.045287
676	0.047859
676.1	0.05112
676.2	0.049609
676.3	0.052769
676.4	0.057379
676.5	0.057345
676.6	0.060618
676.7	0.062894
676.8	0.065346
676.9	0.067869
677	0.066382
677.1	0.07403
677.2	0.074446
677.3	0.080659
677.4	0.083545
677.5	0.086503
677.6	0.095295
677.7	0.099038
677.8	0.10573
677.9	0.10921
678	0.11861
678.1	0.12511
678.2	0.13368
678.3	0.14324
678.4	0.15137
678.5	0.15667
678.6	0.16394
678.7	0.16887
678.8	0.17412
678.9	0.18069
679	0.18775
679.1	0.19207
679.2	0.19544
679.3	0.19704
679.4	0.20036
679.5	0.20502
679.6	0.20477
679.7	0.20612
679.8	0.19941
679.9	0.19806
680	0.18478
680.1	0.18163
680.2	0.17153
680.3	0.16111
680.4	0.15566
680.5	0.15177
680.6	0.14905
680.7	0.1473
680.8	0.14916
680.9	0.15173
681	0.15459
681.1	0.15799
681.2	0.16398
681.3	0.17113
681.4	0.179
681.5	0.18761
681.6	0.19639
681.7	0.21028
681.8	0.22256
681.9	0.23442
682	0.24781
682.1	0.26374
682.2	0.28132
682.3	0.29855
682.4	0.32095
682.5	0.33799
682.6	0.35826
682.7	0.38588
682.8	0.40885
682.9	0.43543
683	0.46884
683.1	0.49908
683.2	0.53384
683.3	0.57307
683.4	0.60659
683.5	0.64372
683.6	0.67933
683.7	0.71345
683.8	0.74946
683.9	0.78366
684	0.82004
684.1	0.85992
684.2	0.89742
684.3	0.93688
684.4	0.9824
684.5	1.0234
684.6	1.0744
684.7	1.1192
684.8	1.16
684.9	1.1862
685	1.1877
685.1	1.155
685.2	1.0982
685.3	1.019
685.4	0.92906
685.5	0.83719
685.6	0.74955
685.7	0.67279
685.8	0.60647
685.9	0.54386
686	0.50085
686.1	0.4633
686.2	0.42674
686.3	0.40779
686.4	0.38729
686.5	0.37259
686.6	0.36054
686.7	0.35783
686.8	0.35582
686.9	0.35129
687	0.35574
687.1	0.3605
687.2	0.37209
687.3	0.3777
687.4	0.39408
687.5	0.40775
687.6	0.42463
687.7	0.43839
687.8	0.45359
687.9	0.47297
688	0.48646
688.1	0.5049
688.2	0.51766
688.3	0.52658
688.4	0.54361
688.5	0.55878
688.6	0.56579
688.7	0.57114
688.8	0.57548
688.9	0.5808
689	0.57928
689.1	0.57814
689.2	0.577
689.3	0.57388
689.4	0.57173
689.5	0.57316
689.6	0.57126
689.7	0.57088
689.8	0.57341
689.9	0.57341
690	0.57004
690.1	0.56882
690.2	0.56407
690.3	0.56201
690.4	0.55292
690.5	0.54361
690.6	0.53849
690.7	0.53471
690.8	0.53438
690.9	0.53737
691	0.54632
691.1	0.55234
691.2	0.56142
691.3	0.57219
691.4	0.57721
691.5	0.57814
691.6	0.57282
691.7	0.55937
691.8	0.5422
691.9	0.51428
692	0.49013
692.1	0.4608
692.2	0.43037
692.3	0.40242
692.4	0.3733
692.5	0.35114
692.6	0.33016
692.7	0.31142
692.8	0.29458
692.9	0.28368
693	0.2716
693.1	0.26812
693.2	0.26722
693.3	0.26539
693.4	0.26733
693.5	0.27358
693.6	0.28154
693.7	0.29549
693.8	0.31031
693.9	0.32722
694	0.34758
694.1	0.37209
694.2	0.39683
694.3	0.42082
694.4	0.44508
694.5	0.45794
694.6	0.47107
694.7	0.47407
694.8	0.46625
694.9	0.45134
695	0.43428
695.1	0.40546
695.2	0.38099
695.3	0.35148
695.4	0.32152
695.5	0.2953
695.6	0.2725
695.7	0.25041
695.8	0.2342
695.9	0.21563
696	0.20225
696.1	0.19247
696.2	0.17946
696.3	0.17034
696.4	0.15921
696.5	0.15341
696.6	0.14773
696.7	0.14274
696.8	0.13933
696.9	0.13162
697	0.12861
697.1	0.12521
697.2	0.1244
697.3	0.11886
697.4	0.11639
697.5	0.11537
697.6	0.10977
697.7	0.10678
697.8	0.1018
697.9	0.10335
698	0.10114
698.1	0.094108
698.2	0.094108
698.3	0.093758
698.4	0.092152
698.5	0.091803
698.6	0.091314
698.7	0.084693
698.8	0.085145
698.9	0.087792
699	0.087514
699.1	0.084484
699.2	0.085319
699.3	0.084171
699.4	0.084936
699.5	0.084519
699.6	0.085319
699.7	0.091244
699.8	0.087514
699.9	0.090302
700	0.090058
700.1	0.091943
700.2	0.093653
700.3	0.094352
700.4	0.094771
700.5	0.093339
700.6	0.090407
700.7	0.093304
700.8	0.090791
700.9	0.088036
701	0.084171
701.1	0.084971
701.2	0.082779
701.3	0.07986
701.4	0.078193
701.5	0.078783
701.6	0.07261
701.7	0.074446
701.8	0.072333
701.9	0.07306
702	0.06856
702.1	0.067281
702.2	0.067453
702.3	0.06148
702.4	0.063861
702.5	0.062135
702.6	0.059101
702.7	0.062342
702.8	0.063792
702.9	0.064448
703	0.06984
703.1	0.071571
703.2	0.07618
703.3	0.075382
703.4	0.085459
703.5	0.090128
703.6	0.093758
703.7	0.099738
703.8	0.11054
703.9	0.11688
704	0.11991
704.1	0.12755
704.2	0.12882
704.3	0.13073
704.4	0.13336
704.5	0.12737
704.6	0.12553
704.7	0.12217
704.8	0.11699
704.9	0.1141
705	0.10924
705.1	0.10314
705.2	0.099598
705.3	0.095295
705.4	0.08971
705.5	0.082397
705.6	0.081875
705.7	0.079408
705.8	0.078644
705.9	0.072159
706	0.070532
706.1	0.072644
706.2	0.068076
706.3	0.06894
706.4	0.070878
706.5	0.069183
706.6	0.072055
706.7	0.071155
706.8	0.072436
706.9	0.071917
707	0.074481
707.1	0.073684
707.2	0.072887
707.3	0.071155
707.4	0.068041
707.5	0.064517
707.6	0.062549
707.7	0.061756
707.8	0.056759
707.9	0.056174
708	0.051773
708.1	0.052597
708.2	0.052288
708.3	0.047447
708.4	0.047996
708.5	0.04779
708.6	0.046967
708.7	0.041623
708.8	0.043129
708.9	0.040562
709	0.040631
709.1	0.038647
709.2	0.038784
709.3	0.036563
709.4	0.038887
709.5	0.037383
709.6	0.030185
709.7	0.032843
709.8	0.033491
709.9	0.034754
710	0.030014
710.1	0.031957
710.2	0.031888
710.3	0.030627
710.4	0.035539
710.5	0.03182
710.6	0.030798
710.7	0.028652
710.8	0.029946
710.9	0.030218
711	0.030696
711.1	0.031105
711.2	0.025929
711.3	0.029708
711.4	0.030457
711.5	0.027835
711.6	0.026712
711.7	0.030457
711.8	0.029946
711.9	0.027358
712	0.030662
712.1	0.030014
712.2	0.031411
712.3	0.028992
712.4	0.031343
712.5	0.032707
712.6	0.033628
712.7	0.034617
712.8	0.033901
712.9	0.033832
713	0.032605
713.1	0.033594
713.2	0.033798
713.3	0.03431
713.4	0.033935
713.5	0.034822
713.6	0.030627
713.7	0.029231
713.8	0.028039
713.9	0.030218
714	0.029095
714.1	0.031207
714.2	0.024977
714.3	0.026746
714.4	0.026848
714.5	0.023584
714.6	0.023822
714.7	0.022259
714.8	0.019408
714.9	0.01761
715	0.023584
715.1	0.018729
715.2	0.019204
715.3	0.017882
715.4	0.013918
715.5	0.015882
715.6	0.014663
715.7	0.015408
715.8	0.014934
715.9	0.015137
716	0.01761
716.1	0.015238
716.2	0.014189
716.3	0.016933
716.4	0.013309
716.5	0.014595
716.6	0.013376
716.7	0.017678
716.8	0.013783
716.9	0.016153
717	0.019984
717.1	0.017034
717.2	0.015442
717.3	0.017678
717.4	0.017204
717.5	0.015747
717.6	0.020086
717.7	0.017136
717.8	0.016153
717.9	0.017712
718	0.019577
718.1	0.018458
718.2	0.014663
718.3	0.016966
718.4	0.017305
718.5	0.013783
718.6	0.018051
718.7	0.016221
718.8	0.013309
718.9	0.018221
719	0.01182
719.1	0.013004
719.2	0.013715
719.3	0.018458
719.4	0.016187
719.5	0.016661
719.6	0.01656
719.7	0.017339
719.8	0.016594
719.9	0.017644
720	0.016255
720.1	0.016933
720.2	0.017509
720.3	0.018424
720.4	0.021206
720.5	0.022395
720.6	0.022157
720.7	0.020256
720.8	0.018967
720.9	0.021852
721	0.018424
721.1	0.019883
721.2	0.022259
721.3	0.025113
721.4	0.024128
721.5	0.025113
721.6	0.021682
721.7	0.022633
721.8	0.02423
721.9	0.022191
722	0.025283
722.1	0.022667
722.2	0.02406
722.3	0.025964
722.4	0.023346
722.5	0.025113
722.6	0.025555
722.7	0.02855
722.8	0.026066
722.9	0.029163
723	0.031343
723.1	0.031752
723.2	0.031548
723.3	0.033014
723.4	0.033491
723.5	0.034003
723.6	0.034447
723.7	0.038408
723.8	0.036427
723.9	0.04152
724	0.033764
724.1	0.037725
724.2	0.033798
724.3	0.037349
724.4	0.037793
724.5	0.041178
724.6	0.037622
724.7	0.036495
724.8	0.042136
724.9	0.038066
725	0.043026
725.1	0.043609
725.2	0.044807
725.3	0.047036
725.4	0.049815
725.5	0.047653
725.6	0.051841
725.7	0.048751
725.8	0.055933
725.9	0.052494
726	0.055108
726.1	0.055727
726.2	0.057724
726.3	0.057965
726.4	0.056932
726.5	0.060652
726.6	0.063067
726.7	0.06217
726.8	0.065622
726.9	0.067696
727	0.066037
727.1	0.072367
727.2	0.07261
727.3	0.07462
727.4	0.077013
727.5	0.082606
727.6	0.082745
727.7	0.090896
727.8	0.091943
727.9	0.09107
728	0.099143
728.1	0.097568
728.2	0.10058
728.3	0.10591
728.4	0.1017
728.5	0.10338
728.6	0.10349
728.7	0.1071
728.8	0.10289
728.9	0.1044
729	0.10584
729.1	0.10412
729.2	0.10924
729.3	0.11554
729.4	0.10865
729.5	0.10844
729.6	0.11093
729.7	0.11315
729.8	0.11498
729.9	0.11889
730	0.12115
730.1	0.11903
730.2	0.12034
730.3	0.11716
730.4	0.11829
730.5	0.11625
730.6	0.11653
730.7	0.11783
730.8	0.1166
730.9	0.11935
731	0.12373
731.1	0.1267
731.2	0.13322
731.3	0.13677
731.4	0.14096
731.5	0.14217
731.6	0.14841
731.7	0.1557
731.8	0.15792
731.9	0.16599
732	0.16592
732.1	0.17005
732.2	0.17034
732.3	0.17229
732.4	0.17326
732.5	0.17481
732.6	0.17816
732.7	0.17874
732.8	0.18605
732.9	0.18435
733	0.18732
733.1	0.19127
733.2	0.18811
733.3	0.19926
733.4	0.20134
733.5	0.2016
733.6	0.20513
733.7	0.21094
733.8	0.20973
733.9	0.2179
734	0.22003
734.1	0.22708
734.2	0.22543
734.3	0.23612
734.4	0.23468
734.5	0.24348
734.6	0.24926
734.7	0.2513
734.8	0.25543
734.9	0.25744
735	0.26468
735.1	0.2713
735.2	0.2776
735.3	0.28952
735.4	0.29349
735.5	0.29916
735.6	0.30424
735.7	0.31328
735.8	0.31618
735.9	0.32205
736	0.32974
736.1	0.33815
736.2	0.33511
736.3	0.33607
736.4	0.33796
736.5	0.34184
736.6	0.34111
736.7	0.34712
736.8	0.35121
736.9	0.34755
737	0.34631
737.1	0.34824
737.2	0.3574
737.3	0.36637
737.4	0.37443
737.5	0.37876
737.6	0.38658
737.7	0.39309
737.8	0.40124
737.9	0.40929
738	0.42535
738.1	0.4324
738.2	0.44913
738.3	0.45975
738.4	0.47094
738.5	0.48056
738.6	0.49185
738.7	0.50466
738.8	0.52311
738.9	0.53596
739	0.54928
739.1	0.56138
739.2	0.57421
739.3	0.59165
739.4	0.60847
739.5	0.6227
739.6	0.63753
739.7	0.65397
739.8	0.66837
739.9	0.68871
740	0.7074
740.1	0.72626
740.2	0.74933
740.3	0.77635
740.4	0.80435
740.5	0.83644
740.6	0.87046
740.7	0.91076
740.8	0.95611
740.9	1.0158
741	1.0749
741.1	1.1514
741.2	1.2365
741.3	1.337
741.4	1.4597
741.5	1.5992
741.6	1.7608
741.7	1.9572
741.8	2.1751
741.9	2.4462
742	2.7822
742.1	3.1944
742.2	3.6955
742.3	4.3241
742.4	5.1549
742.5	6.1685
742.6	7.4807
742.7	8.9879
742.8	10.775
742.9	12.505
743	13.559
743.1	13.243
743.2	12.161
743.3	10.88
743.4	9.7118
743.5	8.6852
743.6	7.7793
743.7	6.9483
743.8	6.1906
743.9	5.5116
744	4.8949
744.1	4.3427
744.2	3.8819
744.3	3.4788
744.4	3.1531
744.5	2.8729
744.6	2.6551
744.7	2.4672
744.8	2.3258
744.9	2.219
745	2.1339
745.1	2.0584
745.2	2.0247
745.3	1.992
745.4	1.9846
745.5	1.9872
745.6	2.0007
745.7	2.0336
745.8	2.0771
745.9	2.1305
746	2.1932
746.1	2.2819
746.2	2.3719
746.3	2.4867
746.4	2.6231
746.5	2.7618
746.6	2.9113
746.7	3.0617
746.8	3.2124
746.9	3.3413
747	3.4654
747.1	3.5785
747.2	3.6678
747.3	3.7524
747.4	3.8347
747.5	3.9085
747.6	3.9983
747.7	4.1
747.8	4.2166
747.9	4.3436
748	4.5045
748.1	4.6639
748.2	4.844
748.3	5.0296
748.4	5.2242
748.5	5.456
748.6	5.6771
748.7	5.9213
748.8	6.158
748.9	6.4201
749	6.6974
749.1	6.9903
749.2	7.2565
749.3	7.4858
749.4	7.6747
749.5	7.8173
749.6	7.9048
749.7	7.944
749.8	7.9531
749.9	7.9493
750	7.9523
750.1	7.9838
750.2	8.0281
750.3	8.1364
750.4	8.2408
750.5	8.3542
750.6	8.4331
750.7	8.4175
750.8	8.317
750.9	8.1274
751	7.8464
751.1	7.5683
751.2	7.3034
751.3	7.0779
751.4	6.9121
751.5	6.8352
751.6	6.821
751.7	6.8884
751.8	7.0409
751.9	7.281
752	7.552
752.1	7.8817
752.2	8.196
752.3	8.5096
752.4	8.7438
752.5	8.9003
752.6	8.9834
752.7	8.9102
752.8	8.7355
752.9	8.4506
753	8.0629
753.1	7.6226
753.2	7.1392
753.3	6.665
753.4	6.2287
753.5	5.816
753.6	5.4463
753.7	5.105
753.8	4.8198
753.9	4.5656
754	4.3447
754.1	4.1597
754.2	4.0056
754.3	3.8787
754.4	3.798
754.5	3.7318
754.6	3.6934
754.7	3.6875
754.8	3.7132
754.9	3.758
755	3.8176
755.1	3.9203
755.2	4.0348
755.3	4.1685
755.4	4.3379
755.5	4.5233
755.6	4.7287
755.7	4.9797
755.8	5.2648
755.9	5.5624
756	5.8845
756.1	6.2275
756.2	6.5592
756.3	6.8889
756.4	7.1665
756.5	7.4052
756.6	7.5494
756.7	7.6529
756.8	7.6645
756.9	7.6046
757	7.4801
757.1	7.3057
757.2	7.079
757.3	6.8436
757.4	6.6037
757.5	6.3517
757.6	6.1287
757.7	5.9103
757.8	5.7088
757.9	5.5298
758	5.3877
758.1	5.2677
758.2	5.1781
758.3	5.1025
758.4	5.0437
758.5	5.0086
758.6	4.9842
758.7	4.993
758.8	4.9864
758.9	5.006
759	5.0245
759.1	5.0417
759.2	5.0585
759.3	5.061
759.4	5.0622
759.5	5.0568
759.6	5.0264
759.7	4.969
759.8	4.8986
759.9	4.8109
760	4.7101
760.1	4.5942
760.2	4.46
760.3	4.3208
760.4	4.1836
760.5	4.0522
760.6	3.915
760.7	3.7892
760.8	3.6656
760.9	3.5648
761	3.4673
761.1	3.3805
761.2	3.312
761.3	3.2608
761.4	3.2316
761.5	3.2164
761.6	3.2193
761.7	3.2379
761.8	3.2567
761.9	3.2784
762	3.2987
762.1	3.3073
762.2	3.3135
762.3	3.293
762.4	3.2573
762.5	3.1847
762.6	3.0935
762.7	2.987
762.8	2.8653
762.9	2.727
763	2.6019
763.1	2.4781
763.2	2.3494
763.3	2.2307
763.4	2.1172
763.5	2.0168
763.6	1.9262
763.7	1.8372
763.8	1.7589
763.9	1.6888
764	1.6247
764.1	1.5546
764.2	1.5077
764.3	1.4541
764.4	1.4084
764.5	1.3653
764.6	1.326
764.7	1.2898
764.8	1.2522
764.9	1.2164
765	1.1805
765.1	1.1429
765.2	1.1143
765.3	1.0764
765.4	1.052
765.5	1.0187
765.6	0.99754
765.7	0.97385
765.8	0.95234
765.9	0.93581
766	0.91293
766.1	0.8978
766.2	0.89058
766.3	0.87392
766.4	0.86408
766.5	0.85427
766.6	0.84848
766.7	0.84398
766.8	0.84459
766.9	0.84632
767	0.83869
767.1	0.83789
767.2	0.84122
767.3	0.84107
767.4	0.83644
767.5	0.83775
767.6	0.82804
767.7	0.82511
767.8	0.80717
767.9	0.80343
768	0.78953
768.1	0.77443
768.2	0.76105
768.3	0.74797
768.4	0.73159
768.5	0.71518
768.6	0.70446
768.7	0.68285
768.8	0.67039
768.9	0.65615
769	0.63542
769.1	0.61584
769.2	0.60092
769.3	0.58736
769.4	0.57307
769.5	0.55154
769.6	0.5419
769.7	0.52919
769.8	0.50761
769.9	0.50253
770	0.48377
770.1	0.47305
770.2	0.46569
770.3	0.45629
770.4	0.43719
770.5	0.42595
770.6	0.41852
770.7	0.4142
770.8	0.40246
770.9	0.39565
771	0.38529
771.1	0.3788
771.2	0.38243
771.3	0.37813
771.4	0.374
771.5	0.37614
771.6	0.37493
771.7	0.37341
771.8	0.37435
771.9	0.38466
772	0.38185
772.1	0.38548
772.2	0.38917
772.3	0.40057
772.4	0.40258
772.5	0.40696
772.6	0.42213
772.7	0.43595
772.8	0.45009
772.9	0.46161
773	0.48141
773.1	0.51201
773.2	0.5318
773.3	0.55937
773.4	0.59692
773.5	0.63274
773.6	0.67709
773.7	0.72756
773.8	0.78041
773.9	0.83813
774	0.89813
774.1	0.95743
774.2	1.0203
774.3	1.0844
774.4	1.1443
774.5	1.199
774.6	1.238
774.7	1.2722
774.8	1.3007
774.9	1.3112
775	1.3134
775.1	1.3018
775.2	1.2914
775.3	1.2662
775.4	1.2309
775.5	1.1981
775.6	1.154
775.7	1.1213
775.8	1.0784
775.9	1.0281
776	0.98225
776.1	0.92858
776.2	0.88462
776.3	0.82618
776.4	0.79233
776.5	0.74279
776.6	0.70251
776.7	0.66688
776.8	0.62718
776.9	0.59228
777	0.55937
777.1	0.52249
777.2	0.49634
777.3	0.46839
777.4	0.43947
777.5	0.41828
777.6	0.39529
777.7	0.37248
777.8	0.35524
777.9	0.33039
778	0.31721
778.1	0.30503
778.2	0.29322
778.3	0.27456
778.4	0.26864
778.5	0.25904
778.6	0.25417
778.7	0.24429
778.8	0.23726
778.9	0.22436
779	0.21907
779.1	0.21072
779.2	0.20919
779.3	0.20495
779.4	0.19901
779.5	0.19759
779.6	0.19178
779.7	0.19356
779.8	0.1846
779.9	0.17921
780	0.17495
780.1	0.17175
780.2	0.1693
780.3	0.16937
780.4	0.1684
780.5	0.16743
780.6	0.1647
780.7	0.16161
780.8	0.15055
780.9	0.15631
781	0.15785
781.1	0.14998
781.2	0.15302
781.3	0.14331
781.4	0.15488
781.5	0.1533
781.6	0.1552
781.7	0.15856
781.8	0.15534
781.9	0.16118
782	0.16315
782.1	0.15334
782.2	0.16132
782.3	0.15853
782.4	0.16276
782.5	0.1684
782.6	0.16402
782.7	0.16865
782.8	0.17362
782.9	0.17373
783	0.17211
783.1	0.17892
783.2	0.1838
783.3	0.18431
783.4	0.1821
783.5	0.17957
783.6	0.17759
783.7	0.17993
783.8	0.17697
783.9	0.18095
784	0.17972
784.1	0.17954
784.2	0.17604
784.3	0.17701
784.4	0.17146
784.5	0.17481
784.6	0.179
784.7	0.16919
784.8	0.17503
784.9	0.17979
785	0.17477
785.1	0.1734
785.2	0.17813
785.3	0.17643
785.4	0.17802
785.5	0.18333
785.6	0.17946
785.7	0.18641
785.8	0.18493
785.9	0.1945
786	0.19417
786.1	0.19795
786.2	0.18993
786.3	0.1945
786.4	0.202
786.5	0.20926
786.6	0.21112
786.7	0.20864
786.8	0.21493
786.9	0.21325
787	0.22425
787.1	0.23102
787.2	0.23837
787.3	0.25275
787.4	0.25752
787.5	0.26722
787.6	0.27467
787.7	0.28858
787.8	0.29912
787.9	0.31241
788	0.3237
788.1	0.33542
788.2	0.34284
788.3	0.34766
788.4	0.34851
788.5	0.34461
788.6	0.35597
788.7	0.35961
788.8	0.35121
788.9	0.3557
789	0.35322
789.1	0.34836
789.2	0.34084
789.3	0.33715
789.4	0.33857
789.5	0.33154
789.6	0.32932
789.7	0.32825
789.8	0.32756
789.9	0.32328
790	0.32603
790.1	0.32557
790.2	0.32875
790.3	0.32163
790.4	0.3327
790.5	0.3363
790.6	0.33036
790.7	0.34107
790.8	0.3373
790.9	0.33534
791	0.34284
791.1	0.34038
791.2	0.34296
791.3	0.33661
791.4	0.34554
791.5	0.34751
791.6	0.34423
791.7	0.35241
791.8	0.35319
791.9	0.36163
792	0.35965
792.1	0.37466
792.2	0.36392
792.3	0.36917
792.4	0.37006
792.5	0.37903
792.6	0.37864
792.7	0.3874
792.8	0.40155
792.9	0.39608
793	0.40116
793.1	0.40187
793.2	0.4203
793.3	0.42722
793.4	0.43404
793.5	0.43515
793.6	0.44596
793.7	0.45242
793.8	0.4552
793.9	0.47135
794	0.47516
794.1	0.48748
794.2	0.48085
794.3	0.49565
794.4	0.50885
794.5	0.50897
794.6	0.50905
794.7	0.521
794.8	0.53699
794.9	0.55154
795	0.55234
795.1	0.56264
795.2	0.57894
795.3	0.58757
795.4	0.60003
795.5	0.62619
795.6	0.63265
795.7	0.65254
795.8	0.67109
795.9	0.68854
796	0.71184
796.1	0.73766
796.2	0.76378
796.3	0.78623
796.4	0.82255
796.5	0.85191
796.6	0.87995
796.7	0.9233
796.8	0.96838
796.9	1.0128
797	1.0527
797.1	1.1078
797.2	1.1458
797.3	1.2048
797.4	1.2717
797.5	1.3219
797.6	1.3822
797.7	1.4367
797.8	1.4666
797.9	1.5165
798	1.5535
798.1	1.5862
798.2	1.6238
798.3	1.6676
798.4	1.702
798.5	1.7413
798.6	1.7952
798.7	1.8436
798.8	1.9025
798.9	1.9607
799	2.0159
799.1	2.071
799.2	2.1347
799.3	2.1981
799.4	2.2525
799.5	2.3051
799.6	2.3555
799.7	2.4228
799.8	2.4727
799.9	2.5343
800	2.5922
800.1	2.6421
800.2	2.6962
800.3	2.7425
800.4	2.8019
800.5	2.8452
800.6	2.916
800.7	2.9663
800.8	3.0454
800.9	3.1331
801	3.238
801.1	3.353
801.2	3.4655
801.3	3.5838
801.4	3.6955
801.5	3.7815
801.6	3.8282
801.7	3.8493
801.8	3.8215
801.9	3.7757
802	3.7176
802.1	3.6237
802.2	3.5534
802.3	3.4769
802.4	3.4259
802.5	3.3617
802.6	3.3466
802.7	3.3302
802.8	3.3399
802.9	3.3681
803	3.4079
803.1	3.4778
803.2	3.5447
803.3	3.6346
803.4	3.7364
803.5	3.8627
803.6	4.0054
803.7	4.1434
803.8	4.2875
803.9	4.4457
804	4.6227
804.1	4.8129
804.2	5.0024
804.3	5.1936
804.4	5.3963
804.5	5.6097
804.6	5.8074
804.7	6.0161
804.8	6.2144
804.9	6.426
805	6.6719
805.1	6.9263
805.2	7.1744
805.3	7.4908
805.4	7.7921
805.5	8.2027
805.6	8.6509
805.7	9.1472
805.8	9.7347
805.9	10.274
806	10.854
806.1	11.272
806.2	11.516
806.3	11.506
806.4	11.407
806.5	11.146
806.6	10.912
806.7	10.601
806.8	10.357
806.9	10.116
807	9.996
807.1	9.9125
807.2	9.8173
807.3	9.8476
807.4	9.9707
807.5	10.12
807.6	10.339
807.7	10.704
807.8	11.135
807.9	11.708
808	12.368
808.1	13.274
808.2	14.259
808.3	15.265
808.4	16.48
808.5	17.961
808.6	18.881
808.7	19.436
808.8	19.971
808.9	19.175
809	18.12
809.1	16.953
809.2	15.594
809.3	14.36
809.4	13.304
809.5	12.262
809.6	11.378
809.7	10.655
809.8	10.047
809.9	9.4438
810	9.0052
810.1	8.6102
810.2	8.3153
810.3	7.9884
810.4	7.7616
810.5	7.5029
810.6	7.2963
810.7	7.0926
810.8	6.9237
810.9	6.7711
811	6.644
811.1	6.484
811.2	6.377
811.3	6.2875
811.4	6.2121
811.5	6.1523
811.6	6.1154
811.7	6.0965
811.8	6.091
811.9	6.1083
812	6.1295
812.1	6.1625
812.2	6.2275
812.3	6.2906
812.4	6.3493
812.5	6.4344
812.6	6.5478
812.7	6.619
812.8	6.7199
812.9	6.7769
813	6.8719
813.1	6.8869
813.2	6.9207
813.3	6.9401
813.4	6.9217
813.5	6.8634
813.6	6.7904
813.7	6.6706
813.8	6.509
813.9	6.3054
814	6.1194
814.1	5.894
814.2	5.6341
814.3	5.388
814.4	5.1651
814.5	4.9345
814.6	4.7356
814.7	4.5192
814.8	4.3458
814.9	4.1501
815	3.9816
815.1	3.8276
815.2	3.6861
815.3	3.5657
815.4	3.4635
815.5	3.3626
815.6	3.2975
815.7	3.2427
815.8	3.1751
815.9	3.1327
816	3.0838
816.1	3.0294
816.2	2.9812
816.3	2.9213
816.4	2.8554
816.5	2.7958
816.6	2.7193
816.7	2.6685
816.8	2.6124
816.9	2.5439
817	2.4983
817.1	2.4409
817.2	2.392
817.3	2.3582
817.4	2.3281
817.5	2.2948
817.6	2.2642
817.7	2.2561
817.8	2.2392
817.9	2.235
818	2.2406
818.1	2.2609
818.2	2.2824
818.3	2.3154
818.4	2.3617
818.5	2.4131
818.6	2.4718
818.7	2.5522
818.8	2.6049
818.9	2.6861
819	2.7521
819.1	2.8078
819.2	2.8419
819.3	2.8522
819.4	2.8473
819.5	2.8154
819.6	2.7567
819.7	2.6949
819.8	2.6363
819.9	2.5553
820	2.4798
820.1	2.4095
820.2	2.3374
820.3	2.2642
820.4	2.1998
820.5	2.1502
820.6	2.0828
820.7	2.0423
820.8	2.0022
820.9	1.9702
821	1.9345
821.1	1.8976
821.2	1.8773
821.3	1.8368
821.4	1.8165
821.5	1.7973
821.6	1.7634
821.7	1.735
821.8	1.7043
821.9	1.6918
822	1.6546
822.1	1.617
822.2	1.6064
822.3	1.5498
822.4	1.5015
822.5	1.4607
822.6	1.4006
822.7	1.3535
822.8	1.2817
822.9	1.2283
823	1.1583
823.1	1.0976
823.2	1.0356
823.3	0.9776
823.4	0.93105
823.5	0.87297
823.6	0.83023
823.7	0.79058
823.8	0.76501
823.9	0.71795
824	0.69317
824.1	0.65554
824.2	0.6349
824.3	0.62236
824.4	0.59488
824.5	0.57582
824.6	0.55292
824.7	0.53438
824.8	0.52282
824.9	0.50798
825	0.49565
825.1	0.47666
825.2	0.4686
825.3	0.4692
825.4	0.45045
825.5	0.45122
825.6	0.43583
825.7	0.41277
825.8	0.42634
825.9	0.41995
826	0.40921
826.1	0.39695
826.2	0.39584
826.3	0.40076
826.4	0.4001
826.5	0.38239
826.6	0.37478
826.7	0.38447
826.8	0.37708
826.9	0.37022
827	0.37341
827.1	0.37708
827.2	0.36384
827.3	0.36924
827.4	0.35651
827.5	0.35261
827.6	0.35531
827.7	0.33669
827.8	0.35574
827.9	0.34415
828	0.34674
828.1	0.35272
828.2	0.3398
828.3	0.33788
828.4	0.33692
828.5	0.32944
828.6	0.33811
828.7	0.32829
828.8	0.32756
828.9	0.33181
829	0.32137
829.1	0.32232
829.2	0.32848
829.3	0.32591
829.4	0.32156
829.5	0.3169
829.6	0.30925
829.7	0.29942
829.8	0.29575
829.9	0.30022
830	0.2867
830.1	0.293
830.2	0.29353
830.3	0.27741
830.4	0.28764
830.5	0.28132
830.6	0.27745
830.7	0.26247
830.8	0.25863
830.9	0.26542
831	0.25942
831.1	0.24893
831.2	0.24251
831.3	0.245
831.4	0.23158
831.5	0.23715
831.6	0.22664
831.7	0.22671
831.8	0.22333
831.9	0.22054
832	0.21343
832.1	0.23128
832.2	0.22326
832.3	0.21145
832.4	0.23519
832.5	0.22318
832.6	0.23552
832.7	0.22885
832.8	0.2318
832.9	0.23656
833	0.24037
833.1	0.258
833.2	0.25041
833.3	0.26673
833.4	0.27411
833.5	0.287
833.6	0.29814
833.7	0.30424
833.8	0.32396
833.9	0.34496
834	0.36233
834.1	0.38071
834.2	0.4055
834.3	0.43156
834.4	0.47906
834.5	0.49475
834.6	0.52981
834.7	0.56575
834.8	0.60843
834.9	0.65306
835	0.70047
835.1	0.74739
835.2	0.78316
835.3	0.82125
835.4	0.84496
835.5	0.88052
835.6	0.87577
835.7	0.9024
835.8	0.88748
835.9	0.86677
836	0.85215
836.1	0.82107
836.2	0.81003
836.3	0.77644
836.4	0.75802
836.5	0.70056
836.6	0.67499
836.7	0.63399
836.8	0.59709
836.9	0.55773
837	0.53999
837.1	0.48337
837.2	0.46286
837.3	0.44243
837.4	0.40779
837.5	0.36882
837.6	0.34812
837.7	0.32679
837.8	0.31039
837.9	0.26883
838	0.27339
838.1	0.24815
838.2	0.23416
838.3	0.21083
838.4	0.20371
838.5	0.1829
838.6	0.1629
838.7	0.15742
838.8	0.14852
838.9	0.13073
839	0.12985
839.1	0.11917
839.2	0.10693
839.3	0.10499
839.4	0.091698
839.5	0.08344
839.6	0.086294
839.7	0.065277
839.8	0.070809
839.9	0.076874
840	0.070463
840.1	0.074689
840.2	0.054007
840.3	0.04515
840.4	0.052597
840.5	0.060652
840.6	0.048065
840.7	0.0353
840.8	0.034515
840.9	0.030627
841	0.041075
841.1	0.036905
841.2	0.025351
841.3	0.025453
841.4	0.022802
841.5	0.039365
841.6	0.025045
841.7	0.048099
841.8	0.014934
841.9	0.036461
842	0.014968
842.1	0.026576
842.2	0.036222
842.3	0.027801
842.4	0.007562
842.5	0.015882
842.6	0.013173
842.7	0.038442
842.8	0.020426
842.9	0.015374
843	0.018763
843.1	0.023074
843.2	0.022327
843.3	0.008271
843.4	0.005199
843.5	0.006313
843.6	0.022938
843.7	0.017339
843.8	0.013106
843.9	0.03257
844	0.011448
844.1	0.02644
844.2	0.021444
844.3	0.010569
844.4	0.036358
844.5	0.034071
844.6	0.037246
844.7	0.033491
844.8	0.038853
844.9	0.023754
845	0.011786
845.1	0.004896
845.2	0.006144
845.3	0.007764
845.4	0.024502
845.5	0.012801
845.6	0.028992
845.7	0.023414
845.8	0.013106
845.9	0.012835
846	0.015103
846.1	0.013173
846.2	0.016594
846.3	0.005334
846.4	-0.014929
846.5	0.002097
846.6	0.002468
846.7	0.001323
846.8	-0.002313
846.9	0.007663
847	0.00996
847.1	-0.005809
847.2	0.00139
847.3	-0.014594
847.4	-0.002111
847.5	0.010569
847.6	-0.007857
847.7	0.008271
847.8	0.000716
847.9	0.019068
848	0.000582
848.1	-0.008092
848.2	0.033048
848.3	0.00898
848.4	-0.000294
848.5	-0.001539
848.6	0.007899
848.7	0.00638
848.8	0.013918
848.9	-0.00601
849	0.003142
849.1	0.011211
849.2	0.015137
849.3	0.016492
849.4	0.006988
849.5	0.008474
849.6	-0.00826
849.7	0.007292
849.8	-0.008159
849.9	0.016661
850	0.003715
