300	0.13658
300.1	0.13659
300.2	0.13661
300.3	0.13663
300.4	0.13665
300.5	0.13667
300.6	0.13668
300.7	0.13745
300.8	0.13777
300.9	0.13927
301	0.1381
301.1	0.13812
301.2	0.13873
301.3	0.13608
301.4	0.13699
301.5	0.13641
301.6	0.13821
301.7	0.1412
301.8	0.14093
301.9	0.14124
302	0.14304
302.1	0.14425
302.2	0.14694
302.3	0.14845
302.4	0.14995
302.5	0.15146
302.6	0.15653
302.7	0.16338
302.8	0.17648
302.9	0.18749
303	0.18573
303.1	0.17802
303.2	0.1712
303.3	0.17092
303.4	0.17451
303.5	0.1775
303.6	0.18465
303.7	0.1921
303.8	0.204
303.9	0.21739
304	0.22722
304.1	0.2213
304.2	0.20556
304.3	0.19548
304.4	0.19222
304.5	0.19522
304.6	0.20177
304.7	0.20892
304.8	0.22024
304.9	0.23333
305	0.24524
305.1	0.24882
305.2	0.24022
305.3	0.22716
305.4	0.21916
305.5	0.21383
305.6	0.21266
305.7	0.21238
305.8	0.21566
305.9	0.22311
306	0.23264
306.1	0.24158
306.2	0.24219
306.3	0.23151
306.4	0.21637
306.5	0.20569
306.6	0.19946
306.7	0.19592
306.8	0.19386
306.9	0.19506
307	0.19597
307.1	0.19807
307.2	0.19839
307.3	0.19603
307.4	0.19188
307.5	0.18685
307.6	0.1833
307.7	0.17946
307.8	0.18007
307.9	0.18276
308	0.18546
308.1	0.18488
308.2	0.18252
308.3	0.176
308.4	0.17216
308.5	0.1698
308.6	0.16803
308.7	0.16656
308.8	0.16629
308.9	0.16422
309	0.16246
309.1	0.16129
309.2	0.15923
309.3	0.15657
309.4	0.15659
309.5	0.15364
309.6	0.15454
309.7	0.15605
309.8	0.15696
309.9	0.15727
310	0.15492
310.1	0.15226
310.2	0.1496
310.3	0.14635
310.4	0.1434
310.5	0.13985
310.6	0.13957
310.7	0.1384
310.8	0.13753
310.9	0.13844
311	0.13727
311.1	0.13699
311.2	0.13552
311.3	0.13643
311.4	0.13586
311.5	0.13498
311.6	0.13678
311.7	0.13532
311.8	0.13444
311.9	0.13476
312	0.13329
312.1	0.13271
312.2	0.13125
312.3	0.12889
312.4	0.12861
312.5	0.12714
312.6	0.12567
312.7	0.12658
312.8	0.12571
312.9	0.12395
313	0.12486
313.1	0.12428
313.2	0.124
313.3	0.12283
313.4	0.12285
313.5	0.12525
313.6	0.12407
313.7	0.12201
313.8	0.12233
313.9	0.12294
314	0.12355
314.1	0.12209
314.2	0.1224
314.3	0.12123
314.4	0.12303
314.5	0.12305
314.6	0.12129
314.7	0.1216
314.8	0.12162
314.9	0.12312
315	0.12225
315.1	0.12257
315.2	0.12259
315.3	0.1232
315.4	0.12292
315.5	0.12145
315.6	0.12147
315.7	0.12149
315.8	0.1227
315.9	0.1239
316	0.12452
316.1	0.12245
316.2	0.12307
316.3	0.12487
316.4	0.1234
316.5	0.12282
316.6	0.12255
316.7	0.12227
316.8	0.12258
316.9	0.1226
317	0.12292
317.1	0.12204
317.2	0.12236
317.3	0.12178
317.4	0.12269
317.5	0.12033
317.6	0.11916
317.7	0.12126
317.8	0.12098
317.9	0.12011
318	0.12043
318.1	0.12074
318.2	0.12017
318.3	0.11989
318.4	0.11961
318.5	0.11992
318.6	0.11994
318.7	0.11996
318.8	0.11938
318.9	0.11881
319	0.11883
319.1	0.12003
319.2	0.11916
319.3	0.11977
319.4	0.11979
319.5	0.1204
319.6	0.11805
319.7	0.11271
319.8	0.099061
319.9	0.096405
320	0.09672
320.1	0.096144
320.2	0.097054
320.3	0.097667
320.4	0.097983
320.5	0.097109
320.6	0.096831
320.7	0.095957
320.8	0.095084
320.9	0.095103
321	0.094527
321.1	0.095437
321.2	0.093969
321.3	0.093096
321.4	0.093709
321.5	0.096105
321.6	0.098203
321.7	0.098222
321.8	0.09616
321.9	0.095286
322	0.096196
322.1	0.097998
322.2	0.099205
322.3	0.099521
322.4	0.098648
322.5	0.09926
322.6	0.098684
322.7	0.099
322.8	0.09991
322.9	0.10052
323	0.09965
323.1	0.099668
323.2	0.10058
323.3	0.10297
323.4	0.1024
323.5	0.1042
323.6	0.10452
323.7	0.10691
323.8	0.10782
323.9	0.10933
324	0.11113
324.1	0.11085
324.2	0.11295
324.3	0.11564
324.4	0.11744
324.5	0.12073
324.6	0.12164
324.7	0.12404
324.8	0.12524
324.9	0.12734
325	0.12795
325.1	0.13124
325.2	0.13275
325.3	0.13633
325.4	0.13873
325.5	0.14291
325.6	0.14798
325.7	0.14918
325.8	0.15217
325.9	0.15725
326	0.16172
326.1	0.16412
326.2	0.16889
326.3	0.17218
326.4	0.17606
326.5	0.17994
326.6	0.18412
326.7	0.18563
326.8	0.18862
326.9	0.1919
327	0.19698
327.1	0.19907
327.2	0.20296
327.3	0.20743
327.4	0.21131
327.5	0.21639
327.6	0.22116
327.7	0.22445
327.8	0.23041
327.9	0.23637
328	0.24174
328.1	0.24592
328.2	0.2498
328.3	0.25517
328.4	0.25727
328.5	0.26055
328.6	0.26295
328.7	0.26386
328.8	0.26507
328.9	0.26687
329	0.26897
329.1	0.27107
329.2	0.27227
329.3	0.27586
329.4	0.27647
329.5	0.28035
329.6	0.28453
329.7	0.28752
329.8	0.292
329.9	0.29469
330	0.29947
330.1	0.30127
330.2	0.30456
330.3	0.30606
330.4	0.30905
330.5	0.31026
330.6	0.30938
330.7	0.31089
330.8	0.31329
330.9	0.31301
331	0.31243
331.1	0.31037
331.2	0.30831
331.3	0.30803
331.4	0.30834
331.5	0.30896
331.6	0.30957
331.7	0.30988
331.8	0.3102
331.9	0.31022
332	0.31172
332.1	0.31293
332.2	0.31443
332.3	0.31505
332.4	0.31358
332.5	0.31241
332.6	0.31183
332.7	0.31453
332.8	0.31484
332.9	0.31367
333	0.3128
333.1	0.31074
333.2	0.31283
333.3	0.31434
333.4	0.31525
333.5	0.31735
333.6	0.31856
333.7	0.32036
333.8	0.32275
333.9	0.32247
334	0.32665
334.1	0.32489
334.2	0.32639
334.3	0.3279
334.4	0.33089
334.5	0.33001
334.6	0.33211
334.7	0.33065
334.8	0.33007
334.9	0.33336
335	0.33546
335.1	0.33518
335.2	0.3346
335.3	0.33373
335.4	0.33226
335.5	0.33139
335.6	0.33022
335.7	0.32934
335.8	0.32936
335.9	0.33087
336	0.33386
336.1	0.34071
336.2	0.34697
336.3	0.34431
336.4	0.33512
336.5	0.32265
336.6	0.30989
336.7	0.29862
336.8	0.29002
336.9	0.28469
337	0.28144
337.1	0.27581
337.2	0.27226
337.3	0.26901
337.4	0.26397
337.5	0.26013
337.6	0.25658
337.7	0.25036
337.8	0.24414
337.9	0.2394
338	0.23407
338.1	0.22874
338.2	0.2243
338.3	0.21956
338.4	0.21601
338.5	0.21306
338.6	0.211
338.7	0.20745
338.8	0.2036
338.9	0.20243
339	0.20067
339.1	0.19712
339.2	0.19446
339.3	0.19151
339.4	0.18945
339.5	0.18917
339.6	0.18889
339.7	0.18802
339.8	0.18625
339.9	0.18597
340	0.18629
340.1	0.1872
340.2	0.18633
340.3	0.18694
340.4	0.18755
340.5	0.18549
340.6	0.18491
340.7	0.18523
340.8	0.18614
340.9	0.18437
341	0.18469
341.1	0.18203
341.2	0.18175
341.3	0.18177
341.4	0.17912
341.5	0.17795
341.6	0.17707
341.7	0.17828
341.8	0.17503
341.9	0.17356
342	0.17417
342.1	0.1739
342.2	0.17213
342.3	0.17007
342.4	0.17038
342.5	0.1704
342.6	0.16596
342.7	0.16598
342.8	0.16659
342.9	0.16602
343	0.16574
343.1	0.16427
343.2	0.1637
343.3	0.16342
343.4	0.16433
343.5	0.16524
343.6	0.16407
343.7	0.16438
343.8	0.16737
343.9	0.16917
344	0.17038
344.1	0.17337
344.2	0.17488
344.3	0.17579
344.4	0.18086
344.5	0.18355
344.6	0.18624
344.7	0.19102
344.8	0.1946
344.9	0.197
345	0.20088
345.1	0.20357
345.2	0.20627
345.3	0.20955
345.4	0.21165
345.5	0.21167
345.6	0.20991
345.7	0.20725
345.8	0.20816
345.9	0.2058
346	0.20255
346.1	0.20108
346.2	0.2011
346.3	0.19963
346.4	0.19817
346.5	0.19789
346.6	0.19909
346.7	0.19971
346.8	0.20299
346.9	0.20628
347	0.21016
347.1	0.21583
347.2	0.21793
347.3	0.22092
347.4	0.22094
347.5	0.22006
347.6	0.22068
347.7	0.21921
347.8	0.22012
347.9	0.22043
348	0.22194
348.1	0.22344
348.2	0.22257
348.3	0.22229
348.4	0.22261
348.5	0.22381
348.6	0.22294
348.7	0.22415
348.8	0.22625
348.9	0.22983
349	0.23312
349.1	0.2373
349.2	0.24237
349.3	0.25011
349.4	0.26053
349.5	0.27155
349.6	0.28167
349.7	0.29061
349.8	0.29954
349.9	0.30818
350	0.32009
350.1	0.33645
350.2	0.35549
350.3	0.37988
350.4	0.40546
350.5	0.43698
350.6	0.47058
350.7	0.50894
350.8	0.55235
350.9	0.602
351	0.66532
351.1	0.74053
351.2	0.83654
351.3	0.95425
351.4	1.0901
351.5	1.2093
351.6	1.2898
351.7	1.3059
351.8	1.2762
351.9	1.2233
352	1.1737
352.1	1.1446
352.2	1.1315
352.3	1.1372
352.4	1.1557
352.5	1.1789
352.6	1.2074
352.7	1.2383
352.8	1.2749
352.9	1.3038
353	1.3276
353.1	1.3427
353.2	1.352
353.3	1.3743
353.4	1.4073
353.5	1.4554
353.6	1.5235
353.7	1.6094
353.8	1.7045
353.9	1.8083
354	1.9034
354.1	1.981
354.2	2.0301
354.3	2.0387
354.4	2.0042
354.5	1.9267
354.6	1.8239
354.7	1.7044
354.8	1.5945
354.9	1.4991
355	1.4192
355.1	1.3538
355.2	1.3018
355.3	1.2563
355.4	1.2157
355.5	1.1782
355.6	1.1423
355.7	1.1144
355.8	1.0903
355.9	1.0686
356	1.0511
356.1	1.036
356.2	1.0205
356.3	1.0078
356.4	0.99799
356.5	0.9882
356.6	0.97871
356.7	0.97516
356.8	0.97191
356.9	0.96806
357	0.95946
357.1	0.95146
357.2	0.94702
357.3	0.94466
357.4	0.94527
357.5	0.94677
357.6	0.94947
357.7	0.95275
357.8	0.95574
357.9	0.95517
358	0.95311
358.1	0.94778
358.2	0.94126
358.3	0.93087
358.4	0.92524
358.5	0.91783
358.6	0.91161
358.7	0.90984
358.8	0.90689
358.9	0.9078
359	0.91555
359.1	0.92745
359.2	0.94709
359.3	0.97534
359.4	1.0113
359.5	1.0396
359.6	1.0539
359.7	1.0432
359.8	1.0084
359.9	0.96386
360	0.92138
360.1	0.88722
360.2	0.86792
360.3	0.85427
360.4	0.8522
360.5	0.85608
360.6	0.86383
360.7	0.87841
360.8	0.90518
360.9	0.94324
361	0.99497
361.1	1.0526
361.2	1.1082
361.3	1.143
361.4	1.1419
361.5	1.1053
361.6	1.053
361.7	1.0114
361.8	0.98917
361.9	0.99484
362	1.0299
362.1	1.0977
362.2	1.2053
362.3	1.3385
362.4	1.4687
362.5	1.5433
362.6	1.5427
362.7	1.5065
362.8	1.4732
362.9	1.4456
363	1.4203
363.1	1.401
363.2	1.3886
363.3	1.3818
363.4	1.3969
363.5	1.4311
363.6	1.4873
363.7	1.5607
363.8	1.6333
363.9	1.6672
364	1.6363
364.1	1.5483
364.2	1.4434
364.3	1.3457
364.4	1.2655
364.5	1.2016
364.6	1.1466
364.7	1.1029
364.8	1.0709
364.9	1.0545
365	1.0599
365.1	1.089
365.2	1.1328
365.3	1.1812
365.4	1.2047
365.5	1.1738
365.6	1.0877
365.7	0.98395
365.8	0.88589
365.9	0.80953
366	0.75278
366.1	0.70168
366.2	0.65533
366.3	0.61048
366.4	0.56294
366.5	0.51719
366.6	0.47471
366.7	0.43966
366.8	0.40847
366.9	0.38412
367	0.36393
367.1	0.34641
367.2	0.32503
367.3	0.30811
367.4	0.29238
367.5	0.27724
367.6	0.26299
367.7	0.24934
367.8	0.23598
367.9	0.22233
368	0.20778
368.1	0.19027
368.2	0.17335
368.3	0.16058
368.4	0.14753
368.5	0.13833
368.6	0.13211
368.7	0.12886
368.8	0.1259
368.9	0.12414
369	0.12356
369.1	0.11823
369.2	0.11141
369.3	0.104
369.4	0.093619
369.5	0.085911
369.6	0.079688
369.7	0.074059
369.8	0.06962
369.9	0.066072
370	0.061929
370.1	0.061353
370.2	0.059886
370.3	0.056041
370.4	0.054276
370.5	0.052214
370.6	0.051935
370.7	0.050764
370.8	0.049
370.9	0.049612
371	0.049928
371.1	0.046974
371.2	0.044318
371.3	0.042553
371.4	0.04376
371.5	0.043482
371.6	0.042608
371.7	0.04233
371.8	0.041456
371.9	0.040286
372	0.038818
372.1	0.038837
372.2	0.040638
372.3	0.040359
372.4	0.040378
372.5	0.038019
372.6	0.037443
372.7	0.038353
372.8	0.037182
372.9	0.036903
373	0.03603
373.1	0.037535
373.2	0.037553
373.3	0.038463
373.4	0.036995
373.5	0.035825
373.6	0.036438
373.7	0.037348
373.8	0.037366
373.9	0.035601
374	0.034431
374.1	0.034152
374.2	0.033873
374.3	0.033594
374.4	0.034207
374.5	0.034523
374.6	0.03365
374.7	0.033371
374.8	0.034281
374.9	0.034596
375	0.035209
375.1	0.036119
375.2	0.035246
375.3	0.033778
375.4	0.033202
375.5	0.033815
375.6	0.035617
375.7	0.035338
375.8	0.035059
375.9	0.032403
376	0.033907
376.1	0.031251
376.2	0.033349
376.3	0.033962
376.4	0.033683
376.5	0.033702
376.6	0.033423
376.7	0.033144
376.8	0.032865
376.9	0.031695
377	0.032011
377.1	0.034407
377.2	0.032939
377.3	0.032363
377.4	0.032084
377.5	0.032103
377.6	0.03331
377.7	0.033625
377.8	0.032455
377.9	0.03277
378	0.033086
378.1	0.034293
378.2	0.034014
378.3	0.034033
378.4	0.033457
378.5	0.031989
378.6	0.033196
378.7	0.033512
378.8	0.032044
378.9	0.033846
379	0.033567
379.1	0.03418
379.2	0.03301
379.3	0.032434
379.4	0.031263
379.5	0.032173
379.6	0.031597
379.7	0.033399
379.8	0.037281
379.9	0.038488
380	0.037912
380.1	0.037336
380.2	0.03884
380.3	0.039156
380.4	0.038877
380.5	0.038301
380.6	0.0404
380.7	0.039824
380.8	0.039248
380.9	0.038672
381	0.038987
381.1	0.040195
381.2	0.039321
381.3	0.039637
381.4	0.040844
381.5	0.039971
381.6	0.040286
381.7	0.040008
381.8	0.039432
381.9	0.038856
382	0.040954
382.1	0.04127
382.2	0.041586
382.3	0.04101
382.4	0.042514
382.5	0.04283
382.6	0.042848
382.7	0.043461
382.8	0.043776
382.9	0.044686
383	0.043516
383.1	0.041454
383.2	0.040878
383.3	0.040896
383.4	0.042104
383.5	0.040933
383.6	0.041843
383.7	0.042753
383.8	0.043366
383.9	0.044276
384	0.0437
384.1	0.044313
384.2	0.047303
384.3	0.047024
384.4	0.048826
384.5	0.047358
384.6	0.046782
384.7	0.048287
384.8	0.047116
384.9	0.044757
385	0.045964
385.1	0.04628
385.2	0.047784
385.3	0.045722
385.4	0.044849
385.5	0.048434
385.6	0.048749
385.7	0.049956
385.8	0.051758
385.9	0.057126
386	0.063683
386.1	0.072617
386.2	0.072933
386.3	0.066413
386.4	0.059596
386.5	0.053373
386.6	0.049528
386.7	0.04806
386.8	0.045404
386.9	0.04453
387	0.044549
387.1	0.043676
387.2	0.042802
387.3	0.04401
387.4	0.044028
387.5	0.043155
387.6	0.044659
387.7	0.047055
387.8	0.046776
387.9	0.046497
388	0.044733
388.1	0.042076
388.2	0.042095
388.3	0.043005
388.4	0.041834
388.5	0.041853
388.6	0.040385
388.7	0.040701
388.8	0.03953
388.9	0.041035
389	0.041647
389.1	0.039883
389.2	0.039901
389.3	0.041108
389.4	0.039046
389.5	0.039659
389.6	0.037002
389.7	0.037318
389.8	0.038228
389.9	0.037355
390	0.038562
390.1	0.037094
390.2	0.036221
390.3	0.037428
390.4	0.038338
390.5	0.039546
390.6	0.036592
390.7	0.037502
390.8	0.038709
390.9	0.03843
391	0.035477
391.1	0.034901
391.2	0.036108
391.3	0.036423
391.4	0.036145
391.5	0.035866
391.6	0.034993
391.7	0.0362
391.8	0.035029
391.9	0.035345
392	0.035661
392.1	0.035976
392.2	0.036292
392.3	0.03631
392.4	0.036626
392.5	0.035753
392.6	0.036663
392.7	0.037275
392.8	0.036699
392.9	0.038204
393	0.036736
393.1	0.03616
393.2	0.036178
393.3	0.036197
393.4	0.036215
393.5	0.035936
393.6	0.037441
393.7	0.037162
393.8	0.037478
393.9	0.037793
394	0.035137
394.1	0.034858
394.2	0.034579
394.3	0.036381
394.4	0.035508
394.5	0.035526
394.6	0.034356
394.7	0.034671
394.8	0.036473
394.9	0.035005
395	0.034132
395.1	0.033853
395.2	0.03506
395.3	0.03597
395.4	0.0348
395.5	0.035115
395.6	0.033053
395.7	0.034558
395.8	0.034279
395.9	0.035189
396	0.032533
396.1	0.034631
396.2	0.035244
396.3	0.032885
396.4	0.035281
396.5	0.033516
396.6	0.03294
396.7	0.03385
396.8	0.033571
396.9	0.03359
397	0.033311
397.1	0.034518
397.2	0.034239
397.3	0.033663
397.4	0.03487
397.5	0.034294
397.6	0.033718
397.7	0.034926
397.8	0.03435
397.9	0.034368
398	0.034684
398.1	0.033513
398.2	0.034126
398.3	0.034144
398.4	0.033271
398.5	0.033884
398.6	0.033308
398.7	0.033921
398.8	0.034831
398.9	0.035146
399	0.034867
399.1	0.032805
399.2	0.033715
399.3	0.033437
399.4	0.035535
399.5	0.034068
399.6	0.033789
399.7	0.034699
399.8	0.034123
399.9	0.032655
400	0.033863
400.1	0.034475
400.2	0.034197
400.3	0.033918
400.4	0.035422
400.5	0.03336
400.6	0.03427
400.7	0.034586
400.8	0.035496
400.9	0.034622
401	0.034046
401.1	0.03347
401.2	0.033786
401.3	0.034399
401.4	0.032931
401.5	0.032652
401.6	0.032374
401.7	0.033284
401.8	0.034194
401.9	0.03332
402	0.033339
402.1	0.033654
402.2	0.033673
402.3	0.033394
402.4	0.031629
402.5	0.033728
402.6	0.034341
402.7	0.03317
402.8	0.032297
402.9	0.034396
403	0.032037
403.1	0.031163
403.2	0.031182
403.3	0.032686
403.4	0.033299
403.5	0.034209
403.6	0.033336
403.7	0.032463
403.8	0.032481
403.9	0.033094
404	0.032221
404.1	0.033131
404.2	0.031663
404.3	0.031979
404.4	0.032888
404.5	0.034393
404.6	0.034114
404.7	0.034727
404.8	0.033556
404.9	0.032683
405	0.032107
405.1	0.033314
405.2	0.031252
405.3	0.031865
405.4	0.031586
405.5	0.032199
405.6	0.033109
405.7	0.033425
405.8	0.032254
405.9	0.031976
406	0.032588
406.1	0.032904
406.2	0.032625
406.3	0.032049
406.4	0.031473
406.5	0.032383
406.6	0.033887
406.7	0.033311
406.8	0.033033
406.9	0.034834
407	0.034853
407.1	0.033979
407.2	0.033106
407.3	0.032827
407.4	0.03344
407.5	0.033459
407.6	0.032288
407.7	0.032307
407.8	0.032325
407.9	0.031155
408	0.032064
408.1	0.032677
408.2	0.030913
408.3	0.033308
408.4	0.033327
408.5	0.032751
408.6	0.032769
408.7	0.031302
408.8	0.032509
408.9	0.030447
409	0.03106
409.1	0.032564
409.2	0.032582
409.3	0.031412
409.4	0.031728
409.5	0.031152
409.6	0.03117
409.7	0.031486
409.8	0.032396
409.9	0.033008
410	0.030649
410.1	0.030073
410.2	0.032172
410.3	0.03219
410.4	0.030723
410.5	0.031633
410.6	0.031948
410.7	0.031075
410.8	0.030796
410.9	0.030517
411	0.030833
411.1	0.031149
411.2	0.032059
411.3	0.030888
411.4	0.030312
411.5	0.031519
411.6	0.032429
411.7	0.032448
411.8	0.03098
411.9	0.030999
412	0.032206
412.1	0.031035
412.2	0.030756
412.3	0.031666
412.4	0.031685
412.5	0.031406
412.6	0.031722
412.7	0.03174
412.8	0.032353
412.9	0.032371
413	0.033281
413.1	0.031814
413.2	0.033318
413.3	0.030067
413.4	0.028897
413.5	0.02951
413.6	0.03042
413.7	0.031032
413.8	0.031645
413.9	0.031961
414	0.031682
414.1	0.030214
414.2	0.029936
414.3	0.031737
414.4	0.032944
414.5	0.031179
414.6	0.031495
414.7	0.031216
414.8	0.03064
414.9	0.028875
415	0.031866
415.1	0.034262
415.2	0.031308
415.3	0.031624
415.4	0.029562
415.5	0.031363
415.6	0.031085
415.7	0.031103
415.8	0.031121
415.9	0.031437
416	0.030861
416.1	0.032068
416.2	0.032086
416.3	0.031808
416.4	0.032123
416.5	0.032142
416.6	0.033349
416.7	0.031881
416.8	0.031305
416.9	0.03281
417	0.031639
417.1	0.031658
417.2	0.032865
417.3	0.031992
417.4	0.032902
417.5	0.034406
417.6	0.033235
417.7	0.032362
417.8	0.033272
417.9	0.033588
418	0.034201
418.1	0.035111
418.2	0.034535
418.3	0.033959
418.4	0.034274
418.5	0.033995
418.6	0.034311
418.7	0.032843
418.8	0.033159
418.9	0.03288
419	0.031413
419.1	0.032025
419.2	0.032638
419.3	0.033548
419.4	0.035944
419.5	0.035071
419.6	0.033901
419.7	0.035702
419.8	0.036612
419.9	0.035739
420	0.035757
420.1	0.034587
420.2	0.035497
420.3	0.035515
420.4	0.035534
420.5	0.035255
420.6	0.034679
420.7	0.033508
420.8	0.037093
420.9	0.036814
421	0.03713
421.1	0.03804
421.2	0.037761
421.3	0.038077
421.4	0.038987
421.5	0.037816
421.6	0.038726
421.7	0.039933
421.8	0.03906
421.9	0.038187
422	0.038503
422.1	0.038521
422.2	0.037648
422.3	0.037666
422.4	0.037685
422.5	0.037703
422.6	0.038613
422.7	0.036551
422.8	0.035975
422.9	0.037182
423	0.037201
423.1	0.038705
423.2	0.039021
423.3	0.038147
423.4	0.037274
423.5	0.038778
423.6	0.036716
423.7	0.037626
423.8	0.036753
423.9	0.036772
424	0.038276
424.1	0.040969
424.2	0.038907
424.3	0.040114
424.4	0.039836
424.5	0.041934
424.6	0.043736
424.7	0.043457
424.8	0.044664
424.9	0.045872
425	0.04797
425.1	0.049178
425.2	0.050682
425.3	0.054564
425.4	0.059635
425.5	0.064408
425.6	0.071262
425.7	0.078414
425.8	0.090617
425.9	0.10193
426	0.11176
426.1	0.11801
426.2	0.12011
426.3	0.11478
426.4	0.10529
426.5	0.094609
426.6	0.084226
426.7	0.078003
426.8	0.074752
426.9	0.071501
427	0.067062
427.1	0.064703
427.2	0.063829
427.3	0.060579
427.4	0.057328
427.5	0.054969
427.6	0.053501
427.7	0.052925
427.8	0.054132
427.9	0.052664
428	0.05298
428.1	0.052701
428.2	0.051234
428.3	0.050063
428.4	0.048001
428.5	0.047425
428.6	0.047741
428.7	0.045382
428.8	0.044508
428.9	0.043635
429	0.044842
429.1	0.044266
429.2	0.04369
429.3	0.0446
429.4	0.044024
429.5	0.042854
429.6	0.042575
429.7	0.044079
429.8	0.043801
429.9	0.045899
430	0.045621
430.1	0.047719
430.2	0.048332
430.3	0.048053
430.4	0.049558
430.5	0.049279
430.6	0.050783
430.7	0.049019
430.8	0.048145
430.9	0.048164
431	0.049965
431.1	0.052956
431.2	0.056838
431.3	0.05745
431.4	0.056875
431.5	0.058973
431.6	0.058694
431.7	0.059902
431.8	0.061109
431.9	0.06291
432	0.06382
432.1	0.063839
432.2	0.064154
432.3	0.066253
432.4	0.071027
432.5	0.081447
432.6	0.10168
432.7	0.13855
432.8	0.20543
432.9	0.30502
433	0.38647
433.1	0.35647
433.2	0.25633
433.3	0.17908
433.4	0.13957
433.5	0.11878
433.6	0.11078
433.7	0.10842
433.8	0.11378
433.9	0.11856
434	0.12333
434.1	0.12721
434.2	0.12901
434.3	0.12903
434.4	0.12905
434.5	0.13442
434.6	0.14157
434.7	0.14991
434.8	0.16003
434.9	0.17224
435	0.18712
435.1	0.19397
435.2	0.18656
435.3	0.16934
435.4	0.14618
435.5	0.12896
435.6	0.11738
435.7	0.11384
435.8	0.11504
435.9	0.11922
436	0.12518
436.1	0.12907
436.2	0.13354
436.3	0.13772
436.4	0.14279
436.5	0.15113
436.6	0.16215
436.7	0.1797
436.8	0.2035
436.9	0.23769
437	0.27962
437.1	0.33194
437.2	0.37565
437.3	0.39112
437.4	0.36499
437.5	0.30913
437.6	0.24882
437.7	0.1995
437.8	0.16356
437.9	0.14099
438	0.12258
438.1	0.10863
438.2	0.10062
438.3	0.096779
438.4	0.091151
438.5	0.087603
438.6	0.082272
438.7	0.078129
438.8	0.074879
438.9	0.071628
439	0.068674
439.1	0.067504
439.2	0.066036
439.3	0.064271
439.4	0.06429
439.5	0.064902
439.6	0.064624
439.7	0.064642
439.8	0.064363
439.9	0.063193
440	0.059942
440.1	0.056691
440.2	0.054332
440.3	0.052864
440.4	0.049019
440.5	0.04874
440.6	0.046084
440.7	0.044616
440.8	0.043446
440.9	0.043167
441	0.042591
441.1	0.040826
441.2	0.039656
441.3	0.039377
441.4	0.037612
441.5	0.037333
441.6	0.037352
441.7	0.037667
441.8	0.037389
441.9	0.03919
442	0.039209
442.1	0.040119
442.2	0.041326
442.3	0.044019
442.4	0.045523
442.5	0.045839
442.6	0.043182
442.7	0.040526
442.8	0.036086
442.9	0.034619
443	0.031368
443.1	0.027523
443.2	0.025461
443.3	0.025182
443.4	0.025498
443.5	0.024624
443.6	0.024048
443.7	0.023472
443.8	0.024382
443.9	0.02232
444	0.020853
444.1	0.021168
444.2	0.022375
444.3	0.020908
444.4	0.020629
444.5	0.018864
444.6	0.020369
444.7	0.021873
444.8	0.022783
444.9	0.022207
445	0.020442
445.1	0.020758
445.2	0.021073
445.3	0.021983
445.4	0.020219
445.5	0.021723
445.6	0.021147
445.7	0.020868
445.8	0.019103
445.9	0.019419
446	0.020032
446.1	0.02005
446.2	0.021852
446.3	0.020978
446.4	0.0207
446.5	0.020718
446.6	0.021034
446.7	0.021052
446.8	0.021665
446.9	0.023169
447	0.02289
447.1	0.021423
447.2	0.021441
447.3	0.02146
447.4	0.022072
447.5	0.021794
447.6	0.022704
447.7	0.022722
447.8	0.021254
447.9	0.020678
448	0.019805
448.1	0.020121
448.2	0.020436
448.3	0.022535
448.4	0.023148
448.5	0.023166
448.6	0.022887
448.7	0.022311
448.8	0.022924
448.9	0.022645
449	0.023555
449.1	0.023574
449.2	0.023592
449.3	0.023016
449.4	0.022737
449.5	0.022161
449.6	0.023666
449.7	0.024279
449.8	0.024891
449.9	0.024018
450	0.023145
450.1	0.023163
450.2	0.025262
450.3	0.023794
450.4	0.02411
450.5	0.022642
450.6	0.02385
450.7	0.022976
450.8	0.02567
450.9	0.025391
451	0.026598
451.1	0.02513
451.2	0.025149
451.3	0.02695
451.4	0.028455
451.5	0.027879
451.6	0.027897
451.7	0.029104
451.8	0.030312
451.9	0.029735
452	0.030348
452.1	0.030961
452.2	0.032465
452.3	0.030701
452.4	0.031908
452.5	0.033412
452.6	0.033431
452.7	0.035232
452.8	0.035548
452.9	0.037944
453	0.038854
453.1	0.038872
453.2	0.040674
453.3	0.042178
453.4	0.042197
453.5	0.043701
453.6	0.044908
453.7	0.046115
453.8	0.046728
453.9	0.049124
454	0.05152
454.1	0.055402
454.2	0.056609
454.3	0.059005
454.4	0.062293
454.5	0.063203
454.6	0.063518
454.7	0.066212
454.8	0.066824
454.9	0.068626
455	0.06805
455.1	0.06688
455.2	0.066006
455.3	0.067214
455.4	0.066043
455.5	0.066656
455.6	0.066972
455.7	0.066693
455.8	0.066711
455.9	0.069702
456	0.070314
456.1	0.071224
456.2	0.072432
456.3	0.075125
456.4	0.078115
456.5	0.081105
456.6	0.080827
456.7	0.081439
456.8	0.081755
456.9	0.081773
457	0.082683
457.1	0.083593
457.2	0.08272
457.3	0.081847
457.4	0.081271
457.5	0.080695
457.6	0.078336
457.7	0.076868
457.8	0.077481
457.9	0.076608
458	0.079004
458.1	0.078428
458.2	0.077555
458.3	0.076087
458.4	0.076105
458.5	0.076124
458.6	0.076736
458.7	0.07616
458.8	0.076476
458.9	0.079764
459	0.081268
459.1	0.082475
459.2	0.083385
459.3	0.082512
459.4	0.084611
459.5	0.086115
459.6	0.087917
459.7	0.089124
459.8	0.090034
459.9	0.090944
460	0.093043
460.1	0.094844
460.2	0.096943
460.3	0.099636
460.4	0.10233
460.5	0.10562
460.6	0.10653
460.7	0.10863
460.8	0.11132
460.9	0.11372
461	0.11641
461.1	0.1194
461.2	0.1215
461.3	0.12449
461.4	0.12718
461.5	0.13077
461.6	0.13316
461.7	0.13615
461.8	0.13766
461.9	0.13827
462	0.13948
462.1	0.14098
462.2	0.1413
462.3	0.14102
462.4	0.14133
462.5	0.14135
462.6	0.14048
462.7	0.13961
462.8	0.14022
462.9	0.13964
463	0.14085
463.1	0.14087
463.2	0.14267
463.3	0.14388
463.4	0.14657
463.5	0.14659
463.6	0.14839
463.7	0.14752
463.8	0.14991
463.9	0.15261
464	0.15322
464.1	0.15264
464.2	0.15296
464.3	0.15565
464.4	0.15894
464.5	0.16252
464.6	0.1673
464.7	0.17177
464.8	0.17744
464.9	0.18132
465	0.18728
465.1	0.19265
465.2	0.19921
465.3	0.20071
465.4	0.20162
465.5	0.20164
465.6	0.20017
465.7	0.19781
465.8	0.19367
465.9	0.18953
466	0.18658
466.1	0.18422
466.2	0.18067
466.3	0.17831
466.4	0.17565
466.5	0.1727
466.6	0.17212
466.7	0.17125
466.8	0.16948
466.9	0.16742
467	0.16417
467.1	0.163
467.2	0.16124
467.3	0.15888
467.4	0.15622
467.5	0.15386
467.6	0.15418
467.7	0.15271
467.8	0.15035
467.9	0.14888
468	0.14742
468.1	0.14922
468.2	0.14983
468.3	0.14807
468.4	0.14719
468.5	0.1487
468.6	0.1505
468.7	0.15408
468.8	0.1538
468.9	0.1559
469	0.15681
469.1	0.15832
469.2	0.16071
469.3	0.164
469.4	0.16818
469.5	0.16998
469.6	0.17208
469.7	0.17596
469.8	0.18074
469.9	0.1861
470	0.19088
470.1	0.19565
470.2	0.20102
470.3	0.20668
470.4	0.21235
470.5	0.21742
470.6	0.2213
470.7	0.22608
470.8	0.23115
470.9	0.23741
471	0.24188
471.1	0.24636
471.2	0.24994
471.3	0.25442
471.4	0.2583
471.5	0.26129
471.6	0.2625
471.7	0.264
471.8	0.26046
471.9	0.25542
472	0.24623
472.1	0.23644
472.2	0.22843
472.3	0.21745
472.4	0.20737
472.5	0.20055
472.6	0.19462
472.7	0.19048
472.8	0.18634
472.9	0.18368
473	0.18489
473.1	0.18491
473.2	0.18463
473.3	0.18346
473.4	0.18378
473.5	0.18528
473.6	0.18589
473.7	0.1868
473.8	0.1886
473.9	0.19041
474	0.1925
474.1	0.19431
474.2	0.19432
474.3	0.19375
474.4	0.19377
474.5	0.19408
474.6	0.19261
474.7	0.19055
474.8	0.18938
474.9	0.1894
475	0.19031
475.1	0.19182
475.2	0.19302
475.3	0.1975
475.4	0.20168
475.5	0.20764
475.6	0.2139
475.7	0.22075
475.8	0.23415
475.9	0.24694
476	0.26301
476.1	0.28235
476.2	0.29871
476.3	0.31448
476.4	0.32906
476.5	0.338
476.6	0.34396
476.7	0.34814
476.8	0.35618
476.9	0.36125
477	0.36008
477.1	0.35119
477.2	0.33694
477.3	0.32091
477.4	0.30458
477.5	0.29271
477.6	0.28589
477.7	0.28324
477.8	0.28028
477.9	0.27555
478	0.26873
478.1	0.26221
478.2	0.25272
478.3	0.2462
478.4	0.24027
478.5	0.23999
478.6	0.24417
478.7	0.25043
478.8	0.25758
478.9	0.26711
479	0.27723
479.1	0.28617
479.2	0.2954
479.3	0.30017
479.4	0.30227
479.5	0.29932
479.6	0.29131
479.7	0.28271
479.8	0.27619
479.9	0.27562
480	0.2789
480.1	0.29111
480.2	0.31015
480.3	0.33394
480.4	0.35922
480.5	0.37529
480.6	0.36966
480.7	0.34947
480.8	0.32541
480.9	0.3082
481	0.29841
481.1	0.29516
481.2	0.29666
481.3	0.30024
481.4	0.3071
481.5	0.31247
481.6	0.31516
481.7	0.31756
481.8	0.31728
481.9	0.31135
482	0.29978
482.1	0.28732
482.2	0.27069
482.3	0.25674
482.4	0.2416
482.5	0.22884
482.6	0.22143
482.7	0.21788
482.8	0.2179
482.9	0.21821
483	0.2215
483.1	0.22182
483.2	0.21619
483.3	0.2064
483.4	0.19512
483.5	0.18296
483.6	0.17079
483.7	0.16041
483.8	0.15359
483.9	0.14915
484	0.14441
484.1	0.14057
484.2	0.13583
484.3	0.13347
484.4	0.13082
484.5	0.12578
484.6	0.12431
484.7	0.12106
484.8	0.11989
484.9	0.11961
485	0.1125
485.1	0.11103
485.2	0.10778
485.3	0.10929
485.4	0.10901
485.5	0.10992
485.6	0.10845
485.7	0.10639
485.8	0.10403
485.9	0.10226
486	0.09931
486.1	0.095465
486.2	0.090431
486.3	0.086883
486.4	0.081849
486.5	0.075626
486.6	0.072375
486.7	0.070908
486.8	0.067657
486.9	0.067081
487	0.065316
487.1	0.062659
487.2	0.060003
487.3	0.057644
487.4	0.056473
487.5	0.054411
487.6	0.053538
487.7	0.051773
487.8	0.050603
487.9	0.047947
488	0.047371
488.1	0.045606
488.2	0.046218
488.3	0.045048
488.4	0.042986
488.5	0.042707
488.6	0.040348
488.7	0.039772
488.8	0.038899
488.9	0.03862
489	0.040124
489.1	0.03836
489.2	0.035703
489.3	0.03483
489.4	0.035146
489.5	0.032489
489.6	0.033102
489.7	0.032823
489.8	0.030167
489.9	0.028402
490	0.027826
490.1	0.026358
490.2	0.023999
490.3	0.025206
490.4	0.025522
490.5	0.025243
490.6	0.02437
490.7	0.023794
490.8	0.023812
490.9	0.023831
491	0.022957
491.1	0.022381
491.2	0.020319
491.3	0.018257
491.4	0.017681
491.5	0.017105
491.6	0.01534
491.7	0.013279
491.8	0.012405
491.9	0.011829
492	0.01155
492.1	0.011866
492.2	0.011587
492.3	0.011011
492.4	0.011921
492.5	0.012237
492.6	0.011661
492.7	0.011382
492.8	0.011995
492.9	0.010527
493	0.010546
493.1	0.011456
493.2	0.011177
493.3	0.009709
493.4	0.010322
493.5	0.01034
493.6	0.009467
493.7	0.010971
493.8	0.011584
493.9	0.011008
494	0.011621
494.1	0.011937
494.2	0.011955
494.3	0.013459
494.4	0.013775
494.5	0.013496
494.6	0.014406
494.7	0.014722
494.8	0.014146
494.9	0.014759
495	0.015371
495.1	0.015984
495.2	0.016003
495.3	0.01721
495.4	0.017525
495.5	0.017544
495.6	0.019345
495.7	0.020255
495.8	0.021462
495.9	0.021184
496	0.023282
496.1	0.025084
496.2	0.025697
496.3	0.028093
496.4	0.02722
496.5	0.030507
496.6	0.03112
496.7	0.03203
496.8	0.033832
496.9	0.035633
497	0.037732
497.1	0.040128
497.2	0.041632
497.3	0.04492
497.4	0.04791
497.5	0.049118
497.6	0.050622
497.7	0.051829
497.8	0.053333
497.9	0.055432
498	0.058125
498.1	0.063196
498.2	0.064701
498.3	0.067394
498.4	0.072762
498.5	0.075455
498.6	0.081417
498.7	0.083516
498.8	0.087398
498.9	0.092469
499	0.097243
499.1	0.10231
499.2	0.11065
499.3	0.1184
499.4	0.12585
499.5	0.1324
499.6	0.14074
499.7	0.14671
499.8	0.15326
499.9	0.15685
500	0.16014
500.1	0.16372
500.2	0.16731
500.3	0.16643
500.4	0.16496
500.5	0.16558
500.6	0.16441
500.7	0.16294
500.8	0.16147
500.9	0.15941
501	0.15854
501.1	0.15915
501.2	0.15857
501.3	0.15889
501.4	0.15861
501.5	0.15982
501.6	0.1634
501.7	0.16699
501.8	0.16849
501.9	0.17118
502	0.17507
502.1	0.17895
502.2	0.18283
502.3	0.18523
502.4	0.18673
502.5	0.18853
502.6	0.18944
502.7	0.19006
502.8	0.19067
502.9	0.19158
503	0.1907
503.1	0.18894
503.2	0.18569
503.3	0.18363
503.4	0.17978
503.5	0.17505
503.6	0.17061
503.7	0.16795
503.8	0.165
503.9	0.16501
504	0.16384
504.1	0.16267
504.2	0.15942
504.3	0.15974
504.4	0.16005
504.5	0.15888
504.6	0.15742
504.7	0.15951
504.8	0.16132
504.9	0.16104
505	0.16314
505.1	0.16523
505.2	0.16555
505.3	0.16616
505.4	0.17004
505.5	0.17422
505.6	0.17365
505.7	0.17426
505.8	0.17458
505.9	0.17786
506	0.17967
506.1	0.18058
506.2	0.18297
506.3	0.18448
506.4	0.18628
506.5	0.18748
506.6	0.18899
506.7	0.19198
506.8	0.19438
506.9	0.19558
507	0.19857
507.1	0.20156
507.2	0.20337
507.3	0.20606
507.4	0.20994
507.5	0.21323
507.6	0.21562
507.7	0.21832
507.8	0.2219
507.9	0.2246
508	0.22788
508.1	0.22909
508.2	0.23208
508.3	0.23418
508.4	0.23628
508.5	0.23927
508.6	0.24166
508.7	0.24287
508.8	0.24527
508.9	0.24737
509	0.25036
509.1	0.25038
509.2	0.2501
509.3	0.2516
509.4	0.25281
509.5	0.25372
509.6	0.25552
509.7	0.25792
509.8	0.25972
509.9	0.26419
510	0.26481
510.1	0.26661
510.2	0.27049
510.3	0.27497
510.4	0.27706
510.5	0.28124
510.6	0.28602
510.7	0.28901
510.8	0.29497
510.9	0.30272
511	0.30868
511.1	0.31642
511.2	0.32417
511.3	0.33192
511.4	0.34055
511.5	0.35186
511.6	0.36228
511.7	0.37389
511.8	0.3858
511.9	0.39949
512	0.41645
512.1	0.43192
512.2	0.45215
512.3	0.47357
512.4	0.49914
512.5	0.5274
512.6	0.55357
512.7	0.58509
512.8	0.61899
512.9	0.65081
513	0.68055
513.1	0.70761
513.2	0.72814
513.3	0.7442
513.4	0.75254
513.5	0.75524
513.6	0.74753
513.7	0.73804
513.8	0.73062
513.9	0.72292
514	0.71937
514.1	0.72147
514.2	0.72594
514.3	0.73488
514.4	0.74411
514.5	0.7468
514.6	0.74801
514.7	0.74565
514.8	0.74091
514.9	0.73736
515	0.73738
515.1	0.74097
515.2	0.74544
515.3	0.75289
515.4	0.76064
515.5	0.76868
515.6	0.77375
515.7	0.78031
515.8	0.78508
515.9	0.78956
516	0.79493
516.1	0.80059
516.2	0.81131
516.3	0.82292
516.4	0.8372
516.5	0.85297
516.6	0.86785
516.7	0.88362
516.8	0.89553
516.9	0.90535
517	0.90805
517.1	0.90658
517.2	0.90006
517.3	0.88373
517.4	0.86087
517.5	0.83384
517.6	0.80354
517.7	0.77652
517.8	0.74919
517.9	0.72484
518	0.70494
518.1	0.68743
518.2	0.67407
518.3	0.66399
518.4	0.65568
518.5	0.65095
518.6	0.64829
518.7	0.64385
518.8	0.64268
518.9	0.64092
519	0.64034
519.1	0.64214
519.2	0.64721
519.3	0.6508
519.4	0.65616
519.5	0.66064
519.6	0.66304
519.7	0.66692
519.8	0.66486
519.9	0.6625
520	0.65657
520.1	0.64708
520.2	0.63551
520.3	0.62245
520.4	0.60672
520.5	0.59069
520.6	0.57555
520.7	0.56071
520.8	0.54586
520.9	0.5331
521	0.5242
521.1	0.51352
521.2	0.507
521.3	0.50227
521.4	0.49961
521.5	0.49695
521.6	0.49222
521.7	0.48956
521.8	0.4878
521.9	0.48603
522	0.48575
522.1	0.48637
522.2	0.48757
522.3	0.49027
522.4	0.49355
522.5	0.5013
522.6	0.51023
522.7	0.51828
522.8	0.5281
522.9	0.53614
523	0.54419
523.1	0.54658
523.2	0.54839
523.3	0.5484
523.4	0.54783
523.5	0.54547
523.6	0.54103
523.7	0.53986
523.8	0.53809
523.9	0.53573
524	0.53427
524.1	0.53815
524.2	0.54084
524.3	0.54443
524.4	0.54742
524.5	0.5513
524.6	0.55845
524.7	0.56768
524.8	0.57721
524.9	0.58793
525	0.60251
525.1	0.61323
525.2	0.6287
525.3	0.64804
525.4	0.66886
525.5	0.69265
525.6	0.72299
525.7	0.75659
525.8	0.79881
525.9	0.84519
526	0.89811
526.1	0.95608
526.2	1.0141
526.3	1.0708
526.4	1.1208
526.5	1.1556
526.6	1.1711
526.7	1.1687
526.8	1.1515
526.9	1.1236
527	1.0956
527.1	1.0686
527.2	1.0466
527.3	1.0327
527.4	1.0238
527.5	1.0205
527.6	1.0265
527.7	1.0423
527.8	1.0655
527.9	1.0997
528	1.1511
528.1	1.2183
528.2	1.2997
528.3	1.407
528.4	1.5447
528.5	1.72
528.6	1.9278
528.7	2.1507
528.8	2.3626
528.9	2.5285
529	2.6352
529.1	2.6932
529.2	2.7277
529.3	2.7405
529.4	2.7185
529.5	2.6466
529.6	2.5176
529.7	2.3444
529.8	2.1542
529.9	1.969
530	1.8006
530.1	1.6621
530.2	1.5521
530.3	1.4725
530.4	1.4202
530.5	1.3947
530.6	1.4012
530.7	1.4333
530.8	1.48
530.9	1.516
531	1.5184
531.1	1.4691
531.2	1.3808
531.3	1.2843
531.4	1.1945
531.5	1.1265
531.6	1.0745
531.7	1.0382
531.8	1.0077
531.9	0.98301
532	0.95806
532.1	0.93133
532.2	0.9049
532.3	0.87876
532.4	0.84817
532.5	0.82411
532.6	0.79798
532.7	0.77036
532.8	0.74214
532.9	0.71066
533	0.67858
533.1	0.6462
533.2	0.61561
533.3	0.58442
533.4	0.5568
533.5	0.53274
533.6	0.51166
533.7	0.4879
533.8	0.4695
533.9	0.45139
534	0.43625
534.1	0.42408
534.2	0.41132
534.3	0.39975
534.4	0.39085
534.5	0.38403
534.6	0.38137
534.7	0.3808
534.8	0.38201
534.9	0.38559
535	0.39274
535.1	0.3993
535.2	0.40169
535.3	0.40231
535.4	0.40381
535.5	0.39937
535.6	0.39582
535.7	0.38871
535.8	0.381
535.9	0.37151
536	0.35786
536.1	0.34718
536.2	0.33233
536.3	0.32106
536.4	0.31097
536.5	0.30297
536.6	0.29793
536.7	0.29379
536.8	0.29411
536.9	0.29888
537	0.30246
537.1	0.30843
537.2	0.31498
537.3	0.32094
537.4	0.32483
537.5	0.32395
537.6	0.31714
537.7	0.30854
537.8	0.29607
537.9	0.28569
538	0.27857
538.1	0.27027
538.2	0.26672
538.3	0.26466
538.4	0.2629
538.5	0.26113
538.6	0.25758
538.7	0.25522
538.8	0.25257
538.9	0.25051
539	0.24517
539.1	0.23895
539.2	0.23154
539.3	0.22383
539.4	0.21642
539.5	0.20812
539.6	0.19922
539.7	0.19151
539.8	0.18142
539.9	0.17282
540	0.16333
540.1	0.15622
540.2	0.1491
540.3	0.14437
540.4	0.13814
540.5	0.13222
540.6	0.12718
540.7	0.12304
540.8	0.12009
540.9	0.11594
541	0.11359
541.1	0.11033
541.2	0.10679
541.3	0.10413
541.4	0.10058
541.5	0.097034
541.6	0.094377
541.7	0.090829
541.8	0.089362
541.9	0.085814
542	0.085238
542.1	0.08377
542.2	0.083194
542.3	0.082618
542.4	0.083528
542.5	0.08533
542.6	0.085942
542.7	0.087744
542.8	0.09014
542.9	0.091942
543	0.092554
543.1	0.09287
543.2	0.092888
543.3	0.093204
543.4	0.091439
543.5	0.091458
543.6	0.08791
543.7	0.08347
543.8	0.080814
543.9	0.077265
544	0.073718
544.1	0.070764
544.2	0.064541
544.3	0.060399
544.4	0.058931
544.5	0.057761
544.6	0.058373
544.7	0.057203
544.8	0.05841
544.9	0.061401
545	0.064094
545.1	0.065895
545.2	0.066211
545.3	0.068013
545.4	0.068031
545.5	0.066861
545.6	0.062124
545.7	0.058576
545.8	0.05265
545.9	0.047913
546	0.042582
546.1	0.037251
546.2	0.032811
546.3	0.027777
546.4	0.023338
546.5	0.020681
546.6	0.018916
546.7	0.016557
546.8	0.015089
546.9	0.011541
547	0.008885
547.1	0.006823
547.2	0.007139
547.3	0.008643
547.4	0.007473
547.5	0.004222
547.6	0.005726
547.7	0.004556
547.8	0.002494
547.9	0.002215
548	0.002531
548.1	0.000469
548.2	0.000515
548.3	0.000515
548.4	0.000524
548.5	0.000515
548.6	0.000515
548.7	0.000515
548.8	0.000515
548.9	0.002102
549	0.001229
549.1	0.000355
549.2	0.000076
549.3	0.000515
549.4	0.000515
549.5	0.000515
549.6	0.000515
549.7	0.000515
549.8	0.000515
549.9	0.000515
550	0.000515
550.1	0.000515
550.2	0.000515
550.3	0.000515
550.4	0.000892
550.5	0.000515
550.6	0.000515
550.7	0.000055
550.8	0.000515
550.9	0.000515
551	0.000705
551.1	0.000515
551.2	0.000515
551.3	0.000515
551.4	0.000515
551.5	0.000202
551.6	0.000221
551.7	0.000515
551.8	0.000515
551.9	0.000573
552	0.00178
552.1	0.00269
552.2	0.000925
552.3	0.000647
552.4	0.002151
552.5	0.002169
552.6	0.002485
552.7	0.003692
552.8	0.004008
552.9	0.004323
553	0.005233
553.1	0.005252
553.2	0.003784
553.3	0.005883
553.4	0.004712
553.5	0.005028
553.6	0.006532
553.7	0.005659
553.8	0.006866
553.9	0.005993
554	0.006903
554.1	0.008705
554.2	0.00902
554.3	0.00785
554.4	0.008463
554.5	0.009076
554.6	0.009094
554.7	0.008518
554.8	0.008239
554.9	0.010338
555	0.009762
555.1	0.010672
555.2	0.01069
555.3	0.011303
555.4	0.01043
555.5	0.009854
555.6	0.011358
555.7	0.012268
555.8	0.011395
555.9	0.012008
556	0.011729
556.1	0.012045
556.2	0.01236
556.3	0.01327
556.4	0.013288
556.5	0.012415
556.6	0.012136
556.7	0.012155
556.8	0.01247
556.9	0.013975
557	0.013399
557.1	0.013417
557.2	0.012544
557.3	0.01494
557.4	0.014958
557.5	0.014977
557.6	0.014995
557.7	0.014122
557.8	0.01414
557.9	0.01297
558	0.014177
558.1	0.015087
558.2	0.0157
558.3	0.015718
558.4	0.016331
558.5	0.017835
558.6	0.018745
558.7	0.018467
558.8	0.019079
558.9	0.019989
559	0.020305
559.1	0.020918
559.2	0.020639
559.3	0.022143
559.4	0.021865
559.5	0.021289
559.6	0.021604
559.7	0.022811
559.8	0.02283
559.9	0.02374
560	0.024353
560.1	0.024965
560.2	0.025578
560.3	0.027677
560.4	0.02829
560.5	0.027416
560.6	0.028029
560.7	0.027156
560.8	0.028066
560.9	0.02957
561	0.03048
561.1	0.03139
561.2	0.0323
561.3	0.03321
561.4	0.03204
561.5	0.03503
561.6	0.034454
561.7	0.033581
561.8	0.034491
561.9	0.035401
562	0.037797
562.1	0.03633
562.2	0.038131
562.3	0.037852
562.4	0.039951
562.5	0.041455
562.6	0.04296
562.7	0.043275
562.8	0.044185
562.9	0.045393
563	0.046005
563.1	0.046915
563.2	0.047528
563.3	0.048438
563.4	0.049943
563.5	0.052041
563.6	0.052654
563.7	0.053564
563.8	0.052691
563.9	0.05479
564	0.056889
564.1	0.056907
564.2	0.056925
564.3	0.05843
564.4	0.060529
564.5	0.059953
564.6	0.060565
564.7	0.06207
564.8	0.06298
564.9	0.062998
565	0.063611
565.1	0.065115
565.2	0.067511
565.3	0.067827
565.4	0.06844
565.5	0.069052
565.6	0.071448
565.7	0.071467
565.8	0.070594
565.9	0.073287
566	0.0739
566.1	0.07481
566.2	0.075125
566.3	0.078116
566.4	0.07962
566.5	0.079044
566.6	0.07936
566.7	0.081756
566.8	0.083557
566.9	0.084467
567	0.08508
567.1	0.086881
567.2	0.088386
567.3	0.08989
567.4	0.092583
567.5	0.094385
567.6	0.095889
567.7	0.095313
567.8	0.099493
567.9	0.10189
568	0.1025
568.1	0.1046
568.2	0.10313
568.3	0.10523
568.4	0.10703
568.5	0.10913
568.6	0.11004
568.7	0.11006
568.8	0.11067
568.9	0.11515
569	0.11636
569.1	0.11608
569.2	0.11907
569.3	0.12087
569.4	0.12148
569.5	0.12328
569.6	0.12479
569.7	0.126
569.8	0.12869
569.9	0.13138
570	0.13199
570.1	0.13588
570.2	0.13708
570.3	0.13948
570.4	0.14009
570.5	0.14249
570.6	0.1431
570.7	0.1452
570.8	0.14789
570.9	0.1488
571	0.15209
571.1	0.15449
571.2	0.15837
571.3	0.16285
571.4	0.16524
571.5	0.16942
571.6	0.17271
571.7	0.1754
571.8	0.17988
571.9	0.18525
572	0.18824
572.1	0.19212
572.2	0.1957
572.3	0.19929
572.4	0.20347
572.5	0.20884
572.6	0.21212
572.7	0.216
572.8	0.22018
572.9	0.22674
573	0.2327
573.1	0.23896
573.2	0.24463
573.3	0.25356
573.4	0.26071
573.5	0.26638
573.6	0.27442
573.7	0.28128
573.8	0.28813
573.9	0.29617
574	0.30481
574.1	0.31493
574.2	0.32446
574.3	0.33369
574.4	0.34738
574.5	0.35959
574.6	0.37179
574.7	0.38607
574.8	0.39976
574.9	0.41643
575	0.43101
575.1	0.44945
575.2	0.47087
575.3	0.49496
575.4	0.51846
575.5	0.54403
575.6	0.57496
575.7	0.60916
575.8	0.64722
575.9	0.69063
576	0.73939
576.1	0.79468
576.2	0.8586
576.3	0.92668
576.4	0.99892
576.5	1.0726
576.6	1.1499
576.7	1.2201
576.8	1.2798
576.9	1.3337
577	1.3762
577.1	1.4089
577.2	1.4416
577.3	1.4844
577.4	1.5355
577.5	1.6069
577.6	1.7023
577.7	1.8343
577.8	2.0082
577.9	2.2278
578	2.4995
578.1	2.8184
578.2	3.1736
578.3	3.5338
578.4	3.8156
578.5	3.9704
578.6	3.9318
578.7	3.7226
578.8	3.4141
578.9	3.0661
579	2.7383
579.1	2.4498
579.2	2.2028
579.3	2.0061
579.4	1.8462
579.5	1.7175
579.6	1.6159
579.7	1.5318
579.8	1.4641
579.9	1.4079
580	1.3559
580.1	1.3131
580.2	1.2772
580.3	1.246
580.4	1.2205
580.5	1.2003
580.6	1.1845
580.7	1.1709
580.8	1.1593
580.9	1.1537
581	1.151
581.1	1.1514
581.2	1.154
581.3	1.1606
581.4	1.1728
581.5	1.1877
581.6	1.2067
581.7	1.2311
581.8	1.2594
581.9	1.2953
582	1.3316
582.1	1.3703
582.2	1.4116
582.3	1.4506
582.4	1.4904
582.5	1.5246
582.6	1.56
582.7	1.5912
582.8	1.6278
582.9	1.6667
583	1.7101
583.1	1.7568
583.2	1.8005
583.3	1.8451
583.4	1.8891
583.5	1.9319
583.6	1.9739
583.7	2.0066
583.8	2.0411
583.9	2.0779
584	2.1145
584.1	2.1665
584.2	2.2296
584.3	2.2997
584.4	2.3785
584.5	2.4659
584.6	2.5616
584.7	2.657
584.8	2.7406
584.9	2.8054
585	2.8375
585.1	2.8396
585.2	2.8081
585.3	2.7427
585.4	2.6515
585.5	2.5413
585.6	2.4242
585.7	2.311
585.8	2.2004
585.9	2.103
586	2.0171
586.1	1.9425
586.2	1.8858
586.3	1.8445
586.4	1.8121
586.5	1.794
586.6	1.7913
586.7	1.8018
586.8	1.8169
586.9	1.8449
587	1.8785
587.1	1.9186
587.2	1.9615
587.3	2.0061
587.4	2.0495
587.5	2.0893
587.6	2.1321
587.7	2.1726
587.8	2.2065
587.9	2.2311
588	2.2428
588.1	2.2404
588.2	2.2229
588.3	2.1902
588.4	2.1531
588.5	2.1049
588.6	2.05
588.7	1.9912
588.8	1.9317
588.9	1.8667
589	1.8031
589.1	1.7404
589.2	1.681
589.3	1.6287
589.4	1.5811
589.5	1.5443
589.6	1.5209
589.7	1.5063
589.8	1.5066
589.9	1.5218
590	1.5542
590.1	1.6003
590.2	1.6574
590.3	1.7231
590.4	1.7831
590.5	1.8295
590.6	1.8488
590.7	1.8352
590.8	1.7921
590.9	1.7372
591	1.6807
591.1	1.6287
591.2	1.5856
591.3	1.5539
591.4	1.5283
591.5	1.512
591.6	1.5013
591.7	1.4978
591.8	1.5019
591.9	1.5124
592	1.5234
592.1	1.5383
592.2	1.5555
592.3	1.5731
592.4	1.5948
592.5	1.6165
592.6	1.637
592.7	1.6575
592.8	1.6837
592.9	1.7075
593	1.7358
593.1	1.7625
593.2	1.7958
593.3	1.8339
593.4	1.8755
593.5	1.9225
593.6	1.9739
593.7	2.0295
593.8	2.0851
593.9	2.1458
594	2.2064
594.1	2.2608
594.2	2.3117
594.3	2.3494
594.4	2.3714
594.5	2.3729
594.6	2.3634
594.7	2.343
594.8	2.3192
594.9	2.2966
595	2.2788
595.1	2.2643
595.2	2.2586
595.3	2.2575
595.4	2.2557
595.5	2.2572
595.6	2.2522
595.7	2.2412
595.8	2.2204
595.9	2.1889
596	2.1497
596.1	2.101
596.2	2.0445
596.3	1.9854
596.4	1.9206
596.5	1.8571
596.6	1.7938
596.7	1.7338
596.8	1.6791
596.9	1.6301
597	1.5903
597.1	1.5594
597.2	1.5347
597.3	1.5217
597.4	1.5163
597.5	1.5214
597.6	1.5372
597.7	1.5589
597.8	1.5919
597.9	1.6291
598	1.6719
598.1	1.7198
598.2	1.762
598.3	1.7965
598.4	1.8158
598.5	1.8111
598.6	1.7811
598.7	1.7258
598.8	1.6491
598.9	1.5508
599	1.4498
599.1	1.3443
599.2	1.24
599.3	1.1482
599.4	1.0599
599.5	0.98117
599.6	0.91343
599.7	0.85371
599.8	0.79934
599.9	0.7521
600	0.71081
600.1	0.67368
600.2	0.64368
600.3	0.61517
600.4	0.58844
600.5	0.56498
600.6	0.5436
600.7	0.52489
600.8	0.50738
600.9	0.49432
601	0.47948
601.1	0.46612
601.2	0.45247
601.3	0.44149
601.4	0.4314
601.5	0.42043
601.6	0.41272
601.7	0.40412
601.8	0.39819
601.9	0.39494
602	0.38961
602.1	0.38487
602.2	0.38281
602.3	0.38075
602.4	0.37928
602.5	0.37722
602.6	0.37337
602.7	0.36893
602.8	0.36509
602.9	0.36213
603	0.35769
603.1	0.35474
603.2	0.34733
603.3	0.34378
603.4	0.33696
603.5	0.32836
603.6	0.3263
603.7	0.32097
603.8	0.31713
603.9	0.3109
604	0.30795
604.1	0.30648
604.2	0.30591
604.3	0.30533
604.4	0.30446
604.5	0.30329
604.6	0.30122
604.7	0.29827
604.8	0.29561
604.9	0.29444
605	0.29119
605.1	0.28735
605.2	0.27964
605.3	0.2749
605.4	0.26868
605.5	0.26246
605.6	0.25475
605.7	0.24674
605.8	0.23755
605.9	0.22746
606	0.21767
606.1	0.20907
606.2	0.20166
606.3	0.19425
606.4	0.18594
606.5	0.17734
606.6	0.16993
606.7	0.16401
606.8	0.15838
606.9	0.15186
607	0.15039
607.1	0.14744
607.2	0.14567
607.3	0.1445
607.4	0.14511
607.5	0.14781
607.6	0.14842
607.7	0.15022
607.8	0.15381
607.9	0.1562
608	0.15949
608.1	0.16189
608.2	0.16369
608.3	0.16341
608.4	0.15897
608.5	0.15483
608.6	0.14801
608.7	0.14089
608.8	0.13467
608.9	0.12548
609	0.11658
609.1	0.10709
609.2	0.098487
609.3	0.090778
609.4	0.082772
609.5	0.075063
609.6	0.068841
609.7	0.064401
609.8	0.059664
609.9	0.054927
610	0.051379
610.1	0.047831
610.2	0.044878
610.3	0.042518
610.4	0.03897
610.5	0.036314
610.6	0.036927
610.7	0.035459
610.8	0.033397
610.9	0.031038
611	0.030165
611.1	0.029589
611.2	0.026635
611.3	0.02487
611.4	0.023997
611.5	0.023124
611.6	0.020765
611.7	0.019892
611.8	0.019613
611.9	0.018145
612	0.01638
612.1	0.016399
612.2	0.014634
612.3	0.012869
612.4	0.013779
612.5	0.012311
612.6	0.011438
612.7	0.011754
612.8	0.012367
612.9	0.011791
613	0.009729
613.1	0.008855
613.2	0.008577
613.3	0.008001
613.4	0.008613
613.5	0.006849
613.6	0.006273
613.7	0.005697
613.8	0.006904
613.9	0.006625
614	0.007238
614.1	0.005473
614.2	0.005194
614.3	0.004915
614.4	0.004339
614.5	0.004655
614.6	0.004376
614.7	0.003503
614.8	0.002332
614.9	0.002351
615	0.003261
615.1	0.001793
615.2	0.002109
615.3	0.001533
615.4	0.001848
615.5	0.00157
615.6	0.000696
615.7	0.001309
615.8	0.002219
615.9	0.001643
616	0.000473
616.1	0.000515
616.2	0.000515
616.3	0.000528
616.4	0.000546
616.5	0.000515
616.6	0.000515
616.7	0.000515
616.8	0.000515
616.9	0.000515
617	0.000515
617.1	0.000515
617.2	0.000515
617.3	0.000515
617.4	0.000515
617.5	0.000515
617.6	0.000515
617.7	0.000515
617.8	0.000515
617.9	0.000515
618	0.000515
618.1	0.000515
618.2	0.000515
618.3	0.000515
618.4	0.000515
618.5	0.000515
618.6	0.000515
618.7	0.000515
618.8	0.000515
618.9	0.000515
619	0.000515
619.1	0.000515
619.2	0.000515
619.3	0.000515
619.4	0.000515
619.5	0.000515
619.6	0.000515
619.7	0.000515
619.8	0.000515
619.9	0.000515
620	0.000515
620.1	0.000515
620.2	0.000515
620.3	0.000515
620.4	0.000515
620.5	0.000515
620.6	0.000515
620.7	0.000515
620.8	0.000515
620.9	0.000515
621	0.000515
621.1	0.000519
621.2	0.000515
621.3	0.000515
621.4	0.000515
621.5	0.000515
621.6	0.000515
621.7	0.000926
621.8	0.001242
621.9	0.000666
622	0.001873
622.1	0.002486
622.2	0.001613
622.3	0.003414
622.4	0.002541
622.5	0.003154
622.6	0.003767
622.7	0.003488
622.8	0.003209
622.9	0.003228
623	0.004138
623.1	0.004156
623.2	0.003877
623.3	0.005084
623.4	0.008075
623.5	0.00839
623.6	0.009895
623.7	0.009319
623.8	0.01112
623.9	0.014111
624	0.017101
624.1	0.020389
624.2	0.025757
624.3	0.032016
624.4	0.037681
624.5	0.043347
624.6	0.046337
624.7	0.049922
624.8	0.054695
624.9	0.061847
625	0.067809
625.1	0.076743
625.2	0.087461
625.3	0.096098
625.4	0.10355
625.5	0.10327
625.6	0.097937
625.7	0.089633
625.8	0.078061
625.9	0.06738
626	0.060563
626.1	0.053746
626.2	0.049009
626.3	0.049027
626.4	0.047857
626.5	0.046984
626.6	0.047299
626.7	0.051181
626.8	0.052983
626.9	0.056865
627	0.057775
627.1	0.056902
627.2	0.056028
627.3	0.053966
627.4	0.049229
627.5	0.043898
627.6	0.042728
627.7	0.043341
627.8	0.042467
627.9	0.039811
628	0.038938
628.1	0.042225
628.2	0.039866
628.3	0.041371
628.4	0.043172
628.5	0.043191
628.6	0.042615
628.7	0.041147
628.8	0.04176
628.9	0.042373
629	0.042688
629.1	0.043004
629.2	0.04213
629.3	0.040068
629.4	0.038304
629.5	0.038025
629.6	0.039826
629.7	0.038656
629.8	0.038972
629.9	0.039882
630	0.039306
630.1	0.039027
630.2	0.03964
630.3	0.040252
630.4	0.040865
630.5	0.040586
630.6	0.041199
630.7	0.040623
630.8	0.037372
630.9	0.035013
631	0.032951
631.1	0.030295
631.2	0.029719
631.3	0.028548
631.4	0.027675
631.5	0.026207
631.6	0.025929
631.7	0.02565
631.8	0.023885
631.9	0.021823
632	0.021544
632.1	0.020968
632.2	0.021581
632.3	0.023383
632.4	0.022807
632.5	0.021339
632.6	0.024032
632.7	0.025536
632.8	0.027041
632.9	0.027951
633	0.030347
633.1	0.031554
633.2	0.030978
633.3	0.032482
633.4	0.033987
633.5	0.034005
633.6	0.034618
633.7	0.036122
633.8	0.036141
633.9	0.037051
634	0.037069
634.1	0.03679
634.2	0.038592
634.3	0.038908
634.4	0.039223
634.5	0.04043
634.6	0.041043
634.7	0.041062
634.8	0.040486
634.9	0.042287
635	0.042008
635.1	0.042027
635.2	0.043234
635.3	0.041172
635.4	0.040001
635.5	0.038831
635.6	0.038849
635.7	0.038273
635.8	0.039183
635.9	0.039499
636	0.037437
636.1	0.038941
636.2	0.037177
636.3	0.035709
636.4	0.036322
636.5	0.033665
636.6	0.031009
636.7	0.029838
636.8	0.028965
636.9	0.030172
637	0.030785
637.1	0.029318
637.2	0.027256
637.3	0.027274
637.4	0.027887
637.5	0.028202
637.6	0.027032
637.7	0.025862
637.8	0.027069
637.9	0.026493
638	0.026808
638.1	0.027124
638.2	0.025954
638.3	0.024189
638.4	0.025396
638.5	0.0269
638.6	0.025135
638.7	0.024857
638.8	0.025172
638.9	0.024893
639	0.025803
639.1	0.028199
639.2	0.026435
639.3	0.027345
639.4	0.027957
639.5	0.027976
639.6	0.027994
639.7	0.028013
639.8	0.026842
639.9	0.027455
640	0.027473
640.1	0.02452
640.2	0.024835
640.3	0.02307
640.4	0.021603
640.5	0.019244
640.6	0.019262
640.7	0.018983
640.8	0.017516
640.9	0.019317
641	0.019336
641.1	0.020246
641.2	0.017886
641.3	0.017013
641.4	0.017626
641.5	0.016158
641.6	0.01796
641.7	0.017087
641.8	0.016214
641.9	0.014449
642	0.015359
642.1	0.01508
642.2	0.01599
642.3	0.017791
642.4	0.016621
642.5	0.016342
642.6	0.015766
642.7	0.016379
642.8	0.017883
642.9	0.01701
643	0.016434
643.1	0.016453
643.2	0.015579
643.3	0.015895
643.4	0.016211
643.5	0.015932
643.6	0.015653
643.7	0.017157
643.8	0.017176
643.9	0.018086
644	0.01751
644.1	0.017825
644.2	0.017546
644.3	0.017268
644.4	0.017583
644.5	0.018493
644.6	0.019106
644.7	0.019422
644.8	0.018846
644.9	0.017081
645	0.016505
645.1	0.017712
645.2	0.016542
645.3	0.015668
645.4	0.014795
645.5	0.014814
645.6	0.013643
645.7	0.012176
645.8	0.013085
645.9	0.013698
646	0.014608
646.1	0.014627
646.2	0.012565
646.3	0.013177
646.4	0.012601
646.5	0.012025
646.6	0.012044
646.7	0.013845
646.8	0.012972
646.9	0.01091
647	0.010631
647.1	0.012136
647.2	0.013343
647.3	0.013361
647.4	0.014271
647.5	0.012804
647.6	0.013119
647.7	0.014029
647.8	0.01167
647.9	0.012877
648	0.012301
648.1	0.011428
648.2	0.011744
648.3	0.012654
648.4	0.012375
648.5	0.012096
648.6	0.012114
648.7	0.010052
648.8	0.010368
648.9	0.010981
649	0.010999
649.1	0.010126
649.2	0.010144
649.3	0.010757
649.4	0.010478
649.5	0.009902
649.6	0.008435
649.7	0.00875
649.8	0.009066
649.9	0.00849
650	0.008508
650.1	0.009121
650.2	0.010031
650.3	0.010347
650.4	0.010068
650.5	0.009492
650.6	0.008916
650.7	0.009529
650.8	0.010439
650.9	0.010457
651	0.008989
651.1	0.010197
651.2	0.009621
651.3	0.010828
651.4	0.011441
651.5	0.009676
651.6	0.008505
651.7	0.008524
651.8	0.010028
651.9	0.008858
652	0.008876
652.1	0.008597
652.2	0.00713
652.3	0.006554
652.4	0.006869
652.5	0.006888
652.6	0.006014
652.7	0.00425
652.8	0.005457
652.9	0.00607
653	0.007277
653.1	0.008781
653.2	0.008502
653.3	0.00644
653.4	0.005864
653.5	0.005883
653.6	0.00709
653.7	0.007406
653.8	0.008613
653.9	0.006253
654	0.006866
654.1	0.007776
654.2	0.007795
654.3	0.008407
654.4	0.008129
654.5	0.007553
654.6	0.00876
654.7	0.008778
654.8	0.008499
654.9	0.008221
655	0.007942
655.1	0.007366
655.2	0.00679
655.3	0.006511
655.4	0.006232
655.5	0.006251
655.6	0.005972
655.7	0.006882
655.8	0.007197
655.9	0.00781
656	0.00664
656.1	0.008144
656.2	0.008757
656.3	0.007884
656.4	0.005524
656.5	0.007029
656.6	0.009722
656.7	0.007957
656.8	0.008273
656.9	0.008588
657	0.009498
657.1	0.008922
657.2	0.008644
657.3	0.008662
657.4	0.00868
657.5	0.008104
657.6	0.009311
657.7	0.010221
657.8	0.009051
657.9	0.008178
658	0.007602
658.1	0.007323
658.2	0.009125
658.3	0.009143
658.4	0.008864
658.5	0.008288
658.6	0.01009
658.7	0.008919
658.8	0.008046
658.9	0.008065
659	0.009272
659.1	0.009587
659.2	0.009606
659.3	0.009921
659.4	0.008454
659.5	0.008769
659.6	0.008491
659.7	0.008806
659.8	0.010608
659.9	0.009734
660	0.00797
660.1	0.008582
660.2	0.009492
660.3	0.008619
660.4	0.008638
660.5	0.008656
660.6	0.011349
660.7	0.009584
660.8	0.008414
660.9	0.007838
661	0.010234
661.1	0.009658
661.2	0.009082
661.3	0.009695
661.4	0.009416
661.5	0.009434
661.6	0.010047
661.7	0.010363
661.8	0.010084
661.9	0.011291
662	0.010121
662.1	0.009842
662.2	0.010157
662.3	0.009879
662.4	0.010491
662.5	0.011104
662.6	0.012311
662.7	0.012627
662.8	0.010565
662.9	0.011772
663	0.012682
663.1	0.012106
663.2	0.011827
663.3	0.01036
663.4	0.01127
663.5	0.010991
663.6	0.012198
663.7	0.011622
663.8	0.013126
663.9	0.013145
664	0.012866
664.1	0.012884
664.2	0.012308
664.3	0.013218
664.4	0.013534
664.5	0.014147
664.6	0.014462
664.7	0.014778
664.8	0.014796
664.9	0.013329
665	0.012455
665.1	0.011879
665.2	0.012789
665.3	0.013402
665.4	0.014015
665.5	0.013439
665.6	0.014052
665.7	0.013179
665.8	0.01498
665.9	0.012918
666	0.014423
666.1	0.015035
666.2	0.012379
666.3	0.012992
666.4	0.012713
666.5	0.013326
666.6	0.015722
666.7	0.015443
666.8	0.01457
666.9	0.013994
667	0.014904
667.1	0.014922
667.2	0.015238
667.3	0.016148
667.4	0.017355
667.5	0.016779
667.6	0.015906
667.7	0.016221
667.8	0.016537
667.9	0.015069
668	0.015682
668.1	0.015998
668.2	0.017799
668.3	0.019601
668.4	0.018133
668.5	0.018449
668.6	0.01817
668.7	0.016108
668.8	0.018207
668.9	0.018819
669	0.017352
669.1	0.019748
669.2	0.020063
669.3	0.019487
669.4	0.020397
669.5	0.021307
669.6	0.02192
669.7	0.022236
669.8	0.02166
669.9	0.023461
670	0.022885
670.1	0.023795
670.2	0.023517
670.3	0.022643
670.4	0.024445
670.5	0.023275
670.6	0.025076
670.7	0.025094
670.8	0.025707
670.9	0.025131
671	0.025447
671.1	0.025762
671.2	0.027861
671.3	0.027582
671.4	0.029384
671.5	0.030591
671.6	0.031501
671.7	0.034194
671.8	0.03659
671.9	0.038392
672	0.039896
672.1	0.041104
672.2	0.043202
672.3	0.044707
672.4	0.0474
672.5	0.050093
672.6	0.048328
672.7	0.046266
672.8	0.04361
672.9	0.043331
673	0.043052
673.1	0.042179
673.2	0.042495
673.3	0.041027
673.4	0.040154
673.5	0.039578
673.6	0.041379
673.7	0.039912
673.8	0.037553
673.9	0.038463
674	0.03967
674.1	0.039985
674.2	0.041787
674.3	0.042994
674.4	0.043013
674.5	0.046895
674.6	0.048993
674.7	0.051389
674.8	0.052002
674.9	0.056181
675	0.058874
675.1	0.062162
675.2	0.066936
675.3	0.071709
675.4	0.076186
675.5	0.080365
675.6	0.086624
675.7	0.091992
675.8	0.096766
675.9	0.10213
676	0.1075
676.1	0.11168
676.2	0.11408
676.3	0.11588
676.4	0.11441
676.5	0.11384
676.6	0.11177
676.7	0.10763
676.8	0.10527
676.9	0.1038
677	0.10263
677.1	0.0976
677.2	0.097024
677.3	0.094664
677.4	0.094683
677.5	0.09589
677.6	0.095017
677.7	0.094441
677.8	0.094459
677.9	0.093289
678	0.093901
678.1	0.09392
678.2	0.094533
678.3	0.093957
678.4	0.094569
678.5	0.094885
678.6	0.095498
678.7	0.095219
678.8	0.096129
678.9	0.097336
679	0.10062
679.1	0.10034
679.2	0.10542
679.3	0.10989
679.4	0.11199
679.5	0.11498
679.6	0.12332
679.7	0.12928
679.8	0.13703
679.9	0.14388
680	0.15074
680.1	0.16086
680.2	0.16861
680.3	0.17784
680.4	0.18439
680.5	0.19006
680.6	0.19216
680.7	0.19396
680.8	0.19398
680.9	0.19251
681	0.19015
681.1	0.18839
681.2	0.18632
681.3	0.18605
681.4	0.18606
681.5	0.18727
681.6	0.18491
681.7	0.18582
681.8	0.18435
681.9	0.18437
682	0.18499
682.1	0.1856
682.2	0.18591
682.3	0.18653
682.4	0.18773
682.5	0.18656
682.6	0.18331
682.7	0.17887
682.8	0.17295
682.9	0.16821
683	0.1605
683.1	0.15131
683.2	0.14508
683.3	0.13856
683.4	0.13086
683.5	0.12374
683.6	0.11692
683.7	0.11219
683.8	0.10894
683.9	0.10509
684	0.10006
684.1	0.097401
684.2	0.095636
684.3	0.094466
684.4	0.094187
684.5	0.092125
684.6	0.092143
684.7	0.088892
684.8	0.088911
684.9	0.089821
685	0.089839
685.1	0.090749
685.2	0.091659
685.3	0.093461
685.4	0.094371
685.5	0.098847
685.6	0.10213
685.7	0.10691
685.8	0.11198
685.9	0.11824
686	0.12777
686.1	0.13849
686.2	0.1492
686.3	0.16408
686.4	0.18253
686.5	0.20365
686.6	0.2316
686.7	0.26312
686.8	0.29464
686.9	0.32438
687	0.34788
687.1	0.36068
687.2	0.35772
687.3	0.33961
687.4	0.31467
687.5	0.28645
687.6	0.26091
687.7	0.23596
687.8	0.21369
687.9	0.19618
688	0.18282
688.1	0.17154
688.2	0.16294
688.3	0.15434
688.4	0.14723
688.5	0.13982
688.6	0.13449
688.7	0.13034
688.8	0.12709
688.9	0.12473
689	0.12208
689.1	0.11942
689.2	0.11795
689.3	0.11678
689.4	0.1171
689.5	0.11444
689.6	0.11357
689.7	0.11121
689.8	0.10915
689.9	0.11065
690	0.10859
690.1	0.10801
690.2	0.10863
690.3	0.10775
690.4	0.10718
690.5	0.10601
690.6	0.10513
690.7	0.10486
690.8	0.10398
690.9	0.1046
691	0.10461
691.1	0.10344
691.2	0.10346
691.3	0.10615
691.4	0.10736
691.5	0.10708
691.6	0.10829
691.7	0.1092
691.8	0.11041
691.9	0.11161
692	0.11282
692.1	0.11581
692.2	0.1194
692.3	0.1206
692.4	0.12033
692.5	0.12183
692.6	0.12363
692.7	0.12365
692.8	0.12397
692.9	0.12458
693	0.12519
693.1	0.12551
693.2	0.12374
693.3	0.12257
693.4	0.1211
693.5	0.11993
693.6	0.11579
693.7	0.11462
693.8	0.11107
693.9	0.1099
694	0.10903
694.1	0.10816
694.2	0.1055
694.3	0.10433
694.4	0.10316
694.5	0.10347
694.6	0.1026
694.7	0.10411
694.8	0.10293
694.9	0.10147
695	0.10297
695.1	0.1024
695.2	0.10539
695.3	0.106
695.4	0.10602
695.5	0.10574
695.6	0.10487
695.7	0.10637
695.8	0.1049
695.9	0.10641
696	0.10642
696.1	0.10525
696.2	0.10557
696.3	0.10618
696.4	0.1062
696.5	0.10741
696.6	0.10921
696.7	0.11042
696.8	0.11014
696.9	0.11194
697	0.11493
697.1	0.11614
697.2	0.11943
697.3	0.12152
697.4	0.12243
697.5	0.12453
697.6	0.12663
697.7	0.12873
697.8	0.12726
697.9	0.1255
698	0.12403
698.1	0.12227
698.2	0.11812
698.3	0.1122
698.4	0.10746
698.5	0.10302
698.6	0.09769
698.7	0.09325
698.8	0.089405
698.9	0.085262
699	0.083795
699.1	0.080544
699.2	0.07759
699.3	0.074637
699.4	0.072575
699.5	0.071107
699.6	0.069045
699.7	0.06728
699.8	0.064921
699.9	0.064048
700	0.062877
700.1	0.06141
700.2	0.059942
700.3	0.057583
700.4	0.058196
700.5	0.057917
700.6	0.056747
700.7	0.055576
700.8	0.054406
700.9	0.052047
701	0.051768
701.1	0.052678
701.2	0.051507
701.3	0.050931
701.4	0.051544
701.5	0.051563
701.6	0.050392
701.7	0.051302
701.8	0.05132
701.9	0.051339
702	0.049574
702.1	0.049592
702.2	0.049908
702.3	0.052304
702.4	0.05262
702.5	0.051449
702.6	0.050576
702.7	0.051783
702.8	0.053585
702.9	0.053603
703	0.055108
703.1	0.055126
703.2	0.055739
703.3	0.05754
703.4	0.05845
703.5	0.058171
703.6	0.06027
703.7	0.059991
703.8	0.059713
703.9	0.06092
704	0.06183
704.1	0.062443
704.2	0.061272
704.3	0.059507
704.4	0.058634
704.5	0.058058
704.6	0.056591
704.7	0.056015
704.8	0.053358
704.9	0.050999
705	0.050126
705.1	0.048658
705.2	0.048676
705.3	0.04602
705.4	0.045444
705.5	0.043382
705.6	0.042212
705.7	0.041338
705.8	0.039871
705.9	0.0387
706	0.039016
706.1	0.039332
706.2	0.036972
706.3	0.037288
706.4	0.036415
706.5	0.036433
706.6	0.036154
706.7	0.036173
706.8	0.037083
706.9	0.036209
707	0.034445
707.1	0.035949
707.2	0.03567
707.3	0.0345
707.4	0.035113
707.5	0.033348
707.6	0.032475
707.7	0.033385
707.8	0.035483
707.9	0.034313
708	0.033143
708.1	0.033755
708.2	0.034071
708.3	0.032901
708.4	0.032622
708.5	0.033829
708.6	0.033847
708.7	0.033569
708.8	0.032695
708.9	0.033011
709	0.033029
709.1	0.033345
709.2	0.035444
709.3	0.034273
709.4	0.036075
709.5	0.035499
709.6	0.034031
709.7	0.033455
709.8	0.036446
709.9	0.037653
710	0.037077
710.1	0.03769
710.2	0.038005
710.3	0.040401
710.4	0.041014
710.5	0.041924
710.6	0.042834
710.7	0.044636
710.8	0.043762
710.9	0.045861
711	0.044988
711.1	0.047087
711.2	0.046511
711.3	0.046232
711.4	0.046547
711.5	0.046566
711.6	0.04599
711.7	0.046008
711.8	0.043946
711.9	0.041587
712	0.041308
712.1	0.039841
712.2	0.040751
712.3	0.038689
712.4	0.039004
712.5	0.037537
712.6	0.034583
712.7	0.034899
712.8	0.03462
712.9	0.035232
713	0.033468
713.1	0.032594
713.2	0.031424
713.3	0.030254
713.4	0.031758
713.5	0.031479
713.6	0.031795
713.7	0.030922
713.8	0.031832
713.9	0.030958
714	0.030977
714.1	0.030104
714.2	0.029825
714.3	0.02806
714.4	0.027484
714.5	0.02988
714.6	0.031087
714.7	0.030511
714.8	0.029043
714.9	0.029656
715	0.031458
715.1	0.030585
715.2	0.030009
715.3	0.028838
715.4	0.029451
715.5	0.028875
715.6	0.030379
715.7	0.030695
715.8	0.030713
715.9	0.029246
716	0.029561
716.1	0.027797
716.2	0.028707
716.3	0.027833
716.4	0.029635
716.5	0.031734
716.6	0.03086
716.7	0.031473
716.8	0.031789
716.9	0.030916
717	0.03034
717.1	0.03125
717.2	0.03216
717.3	0.032178
717.4	0.032196
717.5	0.031323
717.6	0.033422
717.7	0.034035
717.8	0.03435
717.9	0.033477
718	0.034387
718.1	0.034406
718.2	0.035018
718.3	0.03474
718.4	0.035352
718.5	0.036262
718.6	0.036875
718.7	0.038379
718.8	0.038695
718.9	0.03693
719	0.036057
719.1	0.03667
719.2	0.036391
719.3	0.036707
719.4	0.038211
719.5	0.038229
719.6	0.040328
719.7	0.040644
719.8	0.040959
719.9	0.040978
720	0.039807
720.1	0.040123
720.2	0.041627
720.3	0.041646
720.4	0.041961
720.5	0.041385
720.6	0.043187
720.7	0.044097
720.8	0.043521
720.9	0.04235
721	0.042369
721.1	0.042684
721.2	0.042108
721.3	0.044207
721.4	0.043631
721.5	0.043947
721.6	0.04456
721.7	0.043389
721.8	0.043705
721.9	0.046101
722	0.047011
722.1	0.046435
722.2	0.045562
722.3	0.046769
722.4	0.045004
722.5	0.045319
722.6	0.046824
722.7	0.046545
722.8	0.048347
722.9	0.047771
723	0.048681
723.1	0.049293
723.2	0.049312
723.3	0.051708
723.4	0.051429
723.5	0.052339
723.6	0.051466
723.7	0.052376
723.8	0.052691
723.9	0.053304
724	0.055997
724.1	0.055124
724.2	0.056926
724.3	0.057836
724.4	0.058151
724.5	0.05817
724.6	0.057594
724.7	0.05999
724.8	0.060602
724.9	0.060621
725	0.060639
725.1	0.064818
725.2	0.063054
725.3	0.064855
725.4	0.065171
725.5	0.066675
725.6	0.066396
725.7	0.064929
725.8	0.06673
725.9	0.068235
726	0.06855
726.1	0.067677
726.2	0.068884
726.3	0.070686
726.4	0.071596
726.5	0.072209
726.6	0.071633
726.7	0.072543
726.8	0.075236
726.9	0.074957
727	0.074975
727.1	0.077371
727.2	0.078579
727.3	0.079191
727.4	0.079804
727.5	0.081309
727.6	0.080435
727.7	0.081643
727.8	0.08285
727.9	0.084354
728	0.086156
728.1	0.085877
728.2	0.086787
728.3	0.089183
728.4	0.089796
728.5	0.093381
728.6	0.093696
728.7	0.094309
728.8	0.095813
728.9	0.096426
729	0.09793
729.1	0.10003
729.2	0.10213
729.3	0.10452
729.4	0.10573
729.5	0.10753
729.6	0.11052
729.7	0.11203
729.8	0.11323
729.9	0.11593
730	0.11654
730.1	0.11775
730.2	0.11985
730.3	0.12224
730.4	0.12464
730.5	0.12644
730.6	0.12943
730.7	0.13153
730.8	0.13333
730.9	0.13484
731	0.13753
731.1	0.14082
731.2	0.1444
731.3	0.14591
731.4	0.15038
731.5	0.15308
731.6	0.15607
731.7	0.15816
731.8	0.16086
731.9	0.16474
732	0.16595
732.1	0.16775
732.2	0.17074
732.3	0.17403
732.4	0.17672
732.5	0.1809
732.6	0.1824
732.7	0.18599
732.8	0.18957
732.9	0.19494
733	0.19942
733.1	0.2033
733.2	0.20837
733.3	0.21314
733.4	0.22119
733.5	0.22863
733.6	0.23608
733.7	0.24294
733.8	0.25187
733.9	0.26229
734	0.27301
734.1	0.28313
734.2	0.29415
734.3	0.30784
734.4	0.32093
734.5	0.33224
734.6	0.34564
734.7	0.36022
734.8	0.37569
734.9	0.38997
735	0.40931
735.1	0.42716
735.2	0.44531
735.3	0.46257
735.4	0.47655
735.5	0.49113
735.6	0.50274
735.7	0.51168
735.8	0.51704
735.9	0.52152
736	0.52184
736.1	0.52453
736.2	0.52514
736.3	0.52368
736.4	0.52161
736.5	0.52044
736.6	0.52165
736.7	0.52464
736.8	0.52852
736.9	0.5327
737	0.53718
737.1	0.54641
737.2	0.55713
737.3	0.56844
737.4	0.58272
737.5	0.60087
737.6	0.62229
737.7	0.65113
737.8	0.68206
737.9	0.71923
738	0.76383
738.1	0.82121
738.2	0.88988
738.3	0.97311
738.4	1.0801
738.5	1.216
738.6	1.3901
738.7	1.605
738.8	1.8782
738.9	2.2313
739	2.6486
739.1	3.0959
739.2	3.514
739.3	3.7777
739.4	3.8294
739.5	3.7373
739.6	3.6155
739.7	3.5611
739.8	3.6271
739.9	3.845
740	4.237
740.1	4.7806
740.2	5.4442
740.3	6.1703
740.4	6.6774
740.5	6.7472
740.6	6.3633
740.7	5.8004
740.8	5.1956
740.9	4.6553
741	4.1973
741.1	3.7991
741.2	3.4767
741.3	3.1967
741.4	2.9471
741.5	2.7313
741.6	2.5367
741.7	2.3649
741.8	2.2113
741.9	2.0731
742	1.9477
742.1	1.8354
742.2	1.7391
742.3	1.6535
742.4	1.5802
742.5	1.5109
742.6	1.453
742.7	1.4025
742.8	1.3618
742.9	1.3258
743	1.2947
743.1	1.2709
743.2	1.2516
743.3	1.2376
743.4	1.2264
743.5	1.2231
743.6	1.2243
743.7	1.2258
743.8	1.2315
743.9	1.2413
744	1.2503
744.1	1.2651
744.2	1.2857
744.3	1.3101
744.4	1.341
744.5	1.3713
744.6	1.4091
744.7	1.4528
744.8	1.5021
744.9	1.5565
745	1.6181
745.1	1.6829
745.2	1.7498
745.3	1.8143
745.4	1.8743
745.5	1.9216
745.6	1.9546
745.7	1.9772
745.8	1.9906
745.9	1.9999
746	2.0076
746.1	2.0228
746.2	2.0484
746.3	2.0849
746.4	2.1301
746.5	2.1878
746.6	2.2475
746.7	2.3156
746.8	2.3876
746.9	2.4678
747	2.5463
747.1	2.6301
747.2	2.7143
747.3	2.8082
747.4	2.9024
747.5	2.9961
747.6	3.0823
747.7	3.1572
747.8	3.2175
747.9	3.2461
748	3.2491
748.1	3.2292
748.2	3.1781
748.3	3.1038
748.4	3.0093
748.5	2.9035
748.6	2.79
748.7	2.6738
748.8	2.5582
748.9	2.4504
749	2.3529
749.1	2.256
749.2	2.1731
749.3	2.0991
749.4	2.029
749.5	1.9714
749.6	1.92
749.7	1.8769
749.8	1.8422
749.9	1.8151
750	1.7958
750.1	1.7816
750.2	1.7706
750.3	1.7668
750.4	1.7686
750.5	1.7787
750.6	1.7873
750.7	1.8022
750.8	1.8189
750.9	1.8441
751	1.8724
751.1	1.9045
751.2	1.9372
751.3	1.9771
751.4	2.0184
751.5	2.0606
751.6	2.1017
751.7	2.1394
751.8	2.1745
751.9	2.2051
752	2.2349
752.1	2.2602
752.2	2.2813
752.3	2.3066
752.4	2.344
752.5	2.3916
752.6	2.4478
752.7	2.5135
752.8	2.6006
752.9	2.7013
753	2.8202
753.1	2.9552
753.2	3.1106
753.3	3.2869
753.4	3.4875
753.5	3.7078
753.6	3.956
753.7	4.2205
753.8	4.5011
753.9	4.798
754	5.0726
754.1	5.3226
754.2	5.4973
754.3	5.605
754.4	5.6076
754.5	5.5013
754.6	5.3045
754.7	5.0502
754.8	4.7604
754.9	4.4588
755	4.1654
755.1	3.8846
755.2	3.6275
755.3	3.3898
755.4	3.1767
755.5	2.9812
755.6	2.8059
755.7	2.6493
755.8	2.5084
755.9	2.3812
756	2.2671
756.1	2.1679
756.2	2.0766
756.3	1.9958
756.4	1.9236
756.5	1.8615
756.6	1.8063
756.7	1.7564
756.8	1.7115
756.9	1.6744
757	1.6414
757.1	1.6129
757.2	1.5897
757.3	1.5686
757.4	1.5502
757.5	1.5378
757.6	1.5277
757.7	1.5185
757.8	1.5155
757.9	1.5149
758	1.515
758.1	1.5165
758.2	1.5227
758.3	1.532
758.4	1.5448
758.5	1.5552
758.6	1.5704
758.7	1.5885
758.8	1.609
758.9	1.623
759	1.6415
759.1	1.6605
759.2	1.6804
759.3	1.7021
759.4	1.7242
759.5	1.7515
759.6	1.7765
759.7	1.8045
759.8	1.8339
759.9	1.8663
760	1.899
760.1	1.9314
760.2	1.9603
760.3	1.9903
760.4	2.0132
760.5	2.032
760.6	2.0385
760.7	2.0412
760.8	2.038
760.9	2.0234
761	1.9964
761.1	1.9584
761.2	1.9159
761.3	1.8672
761.4	1.8122
761.5	1.7522
761.6	1.6898
761.7	1.6304
761.8	1.5733
761.9	1.5169
762	1.4643
762.1	1.4173
762.2	1.3716
762.3	1.3303
762.4	1.2935
762.5	1.2602
762.6	1.2275
762.7	1.1999
762.8	1.1759
762.9	1.1539
763	1.1358
763.1	1.1206
763.2	1.1025
763.3	1.0889
763.4	1.0755
763.5	1.0622
763.6	1.0488
763.7	1.0363
763.8	1.0251
763.9	1.012
764	0.99983
764.1	0.98707
764.2	0.97461
764.3	0.96274
764.4	0.94968
764.5	0.93543
764.6	0.92208
764.7	0.91169
764.8	0.89982
764.9	0.88676
765	0.874
765.1	0.86689
765.2	0.8571
765.3	0.84642
765.4	0.83871
765.5	0.83159
765.6	0.82537
765.7	0.82034
765.8	0.8153
765.9	0.81324
766	0.81267
766.1	0.8115
766.2	0.81419
766.3	0.81599
766.4	0.81928
766.5	0.82435
766.6	0.83001
766.7	0.83687
766.8	0.84105
766.9	0.84671
767	0.84911
767.1	0.85358
767.2	0.85687
767.3	0.85808
767.4	0.85364
767.5	0.84593
767.6	0.83614
767.7	0.82398
767.8	0.81003
767.9	0.79489
768	0.77856
768.1	0.76015
768.2	0.74263
768.3	0.72631
768.4	0.70938
768.5	0.69038
768.6	0.67138
768.7	0.65416
768.8	0.63664
768.9	0.61705
769	0.60042
769.1	0.58261
769.2	0.5639
769.3	0.5455
769.4	0.5259
769.5	0.50898
769.6	0.49205
769.7	0.47454
769.8	0.4591
769.9	0.44575
770	0.43358
770.1	0.42052
770.2	0.40449
770.3	0.39351
770.4	0.38372
770.5	0.37185
770.6	0.36325
770.7	0.35584
770.8	0.34784
770.9	0.33894
771	0.33093
771.1	0.32322
771.2	0.3173
771.3	0.30989
771.4	0.30277
771.5	0.29536
771.6	0.29151
771.7	0.28618
771.8	0.28085
771.9	0.27612
772	0.27049
772.1	0.26664
772.2	0.26131
772.3	0.25747
772.4	0.25392
772.5	0.25067
772.6	0.24593
772.7	0.24179
772.8	0.23973
772.9	0.23826
773	0.23412
773.1	0.23235
773.2	0.22999
773.3	0.22763
773.4	0.22646
773.5	0.22499
773.6	0.22234
773.7	0.22117
773.8	0.2194
773.9	0.21883
774	0.21914
774.1	0.21946
774.2	0.21948
774.3	0.2189
774.4	0.21862
774.5	0.21715
774.6	0.21658
774.7	0.21719
774.8	0.21632
774.9	0.21544
775	0.21576
775.1	0.21489
775.2	0.2155
775.3	0.21492
775.4	0.21494
775.5	0.21496
775.6	0.21409
775.7	0.21351
775.8	0.21145
775.9	0.21384
776	0.21357
776.1	0.21269
776.2	0.21271
776.3	0.21154
776.4	0.21037
776.5	0.20979
776.6	0.20952
776.7	0.21013
776.8	0.20836
776.9	0.20749
777	0.20899
777.1	0.20782
777.2	0.20606
777.3	0.20489
777.4	0.2052
777.5	0.20314
777.6	0.20346
777.7	0.20467
777.8	0.20349
777.9	0.20351
778	0.20383
778.1	0.20474
778.2	0.20446
778.3	0.20478
778.4	0.20658
778.5	0.20511
778.6	0.20483
778.7	0.20634
778.8	0.20814
778.9	0.21083
779	0.21174
779.1	0.21206
779.2	0.21356
779.3	0.21566
779.4	0.21687
779.5	0.22045
779.6	0.22285
779.7	0.22405
779.8	0.22675
779.9	0.23152
780	0.23392
780.1	0.23661
780.2	0.24079
780.3	0.24408
780.4	0.24766
780.5	0.25333
780.6	0.2578
780.7	0.26258
780.8	0.26973
780.9	0.27926
781	0.28819
781.1	0.29713
781.2	0.30725
781.3	0.32034
781.4	0.33492
781.5	0.35099
781.6	0.37003
781.7	0.39145
781.8	0.41495
781.9	0.43963
782	0.46788
782.1	0.50089
782.2	0.5342
782.3	0.5681
782.4	0.60318
782.5	0.63768
782.6	0.67098
782.7	0.70042
782.8	0.72214
782.9	0.73672
783	0.74476
783.1	0.74032
783.2	0.73024
783.3	0.71391
783.4	0.69193
783.5	0.66639
783.6	0.64085
783.7	0.61115
783.8	0.58531
783.9	0.56007
784	0.53512
784.1	0.51285
784.2	0.49236
784.3	0.47217
784.4	0.45287
784.5	0.43595
784.6	0.4217
784.7	0.40805
784.8	0.39529
784.9	0.38431
785	0.37511
785.1	0.3677
785.2	0.36089
785.3	0.35555
785.4	0.35171
785.5	0.34965
785.6	0.3458
785.7	0.34523
785.8	0.34435
785.9	0.34675
786	0.34885
786.1	0.34976
786.2	0.35305
786.3	0.35871
786.4	0.36586
786.5	0.3745
786.6	0.38254
786.7	0.39266
786.8	0.40398
786.9	0.41499
787	0.4269
787.1	0.44237
787.2	0.45636
787.3	0.47124
787.4	0.48552
787.5	0.50218
787.6	0.51676
787.7	0.53253
787.8	0.54474
787.9	0.55397
788	0.56528
788.1	0.57184
788.2	0.57542
788.3	0.57752
788.4	0.57902
788.5	0.57607
788.6	0.57282
788.7	0.56719
788.8	0.55859
788.9	0.55088
789	0.54347
789.1	0.53665
789.2	0.52805
789.3	0.52124
789.4	0.51382
789.5	0.5076
789.6	0.50019
789.7	0.49248
789.8	0.48774
789.9	0.48033
790	0.47322
790.1	0.4664
790.2	0.45988
790.3	0.45455
790.4	0.4507
790.5	0.44597
790.6	0.44034
790.7	0.43768
790.8	0.43473
790.9	0.43148
791	0.4315
791.1	0.43152
791.2	0.43361
791.3	0.43779
791.4	0.43841
791.5	0.4411
791.6	0.44676
791.7	0.45362
791.8	0.45988
791.9	0.46376
792	0.47269
792.1	0.48014
792.2	0.48343
792.3	0.48791
792.4	0.49149
792.5	0.49419
792.6	0.49718
792.7	0.49927
792.8	0.499
792.9	0.5002
793	0.50141
793.1	0.50202
793.2	0.50264
793.3	0.50563
793.4	0.51099
793.5	0.51577
793.6	0.525
793.7	0.53156
793.8	0.54019
793.9	0.55091
794	0.56311
794.1	0.5768
794.2	0.5893
794.3	0.60656
794.4	0.62471
794.5	0.64434
794.6	0.66427
794.7	0.68777
794.8	0.71394
794.9	0.74427
795	0.77342
795.1	0.80494
795.2	0.83884
795.3	0.87155
795.4	0.90515
795.5	0.93816
795.6	0.96879
795.7	0.99318
795.8	1.0101
795.9	1.0206
796	1.0218
796.1	1.0144
796.2	1.0001
796.3	0.98408
796.4	0.96507
796.5	0.94459
796.6	0.9238
796.7	0.9048
796.8	0.8849
796.9	0.87125
797	0.857
797.1	0.84543
797.2	0.83534
797.3	0.83031
797.4	0.82706
797.5	0.82619
797.6	0.82769
797.7	0.83128
797.8	0.83932
797.9	0.84855
798	0.86135
798.1	0.87355
798.2	0.88457
798.3	0.89439
798.4	0.90303
798.5	0.91256
798.6	0.9206
798.7	0.93013
798.8	0.94025
798.9	0.95127
799	0.96525
799.1	0.98013
799.2	0.99798
799.3	1.0185
799.4	1.0414
799.5	1.0682
799.6	1.0943
799.7	1.1274
799.8	1.1589
799.9	1.1922
800	1.2305
800.1	1.2704
800.2	1.315
800.3	1.3602
800.4	1.4042
800.5	1.4485
800.6	1.4877
800.7	1.5193
800.8	1.543
800.9	1.5558
801	1.5597
801.1	1.5541
801.2	1.5416
801.3	1.5211
801.4	1.4992
801.5	1.4766
801.6	1.4543
801.7	1.4377
801.8	1.4229
801.9	1.4155
802	1.4122
802.1	1.4134
802.2	1.4212
802.3	1.4348
802.4	1.4521
802.5	1.4738
802.6	1.5018
802.7	1.5339
802.8	1.5722
802.9	1.6118
803	1.6537
803.1	1.6971
803.2	1.7417
803.3	1.7875
803.4	1.8279
803.5	1.8607
803.6	1.888
803.7	1.9017
803.8	1.9023
803.9	1.8899
804	1.8637
804.1	1.8281
804.2	1.7856
804.3	1.744
804.4	1.7054
804.5	1.6683
804.6	1.6383
804.7	1.6109
804.8	1.5904
804.9	1.5717
805	1.5599
805.1	1.556
805.2	1.5522
805.3	1.5495
805.4	1.5495
805.5	1.5531
805.6	1.5558
805.7	1.5594
805.8	1.5663
805.9	1.5704
806	1.5776
806.1	1.5904
806.2	1.6026
806.3	1.6166
806.4	1.632
806.5	1.6514
806.6	1.6737
806.7	1.7019
806.8	1.7338
806.9	1.7677
807	1.8033
807.1	1.8453
807.2	1.8919
807.3	1.9461
807.4	2.0008
807.5	2.062
807.6	2.1328
807.7	2.2112
807.8	2.298
807.9	2.3917
808	2.4936
808.1	2.6101
808.2	2.7397
808.3	2.8786
808.4	3.0355
808.5	3.2061
808.6	3.3975
808.7	3.6154
808.8	3.8547
808.9	4.1219
809	4.4301
809.1	4.7701
809.2	5.1657
809.3	5.588
809.4	6.068
809.5	6.587
809.6	7.1615
809.7	7.7725
809.8	8.3952
809.9	8.9117
810	9.4532
810.1	9.8943
810.2	10.093
810.3	10.17
810.4	10.236
810.5	10.301
810.6	10.457
810.7	10.412
810.8	10.248
810.9	9.9991
811	9.7625
811.1	9.2674
811.2	8.7408
811.3	8.1797
811.4	7.6382
811.5	7.1312
811.6	6.6506
811.7	6.2263
811.8	5.8277
811.9	5.4702
812	5.162
812.1	4.8863
812.2	4.6438
812.3	4.4283
812.4	4.2435
812.5	4.0821
812.6	3.9389
812.7	3.8013
812.8	3.6842
812.9	3.5799
813	3.4863
813.1	3.3936
813.2	3.311
813.3	3.2296
813.4	3.152
813.5	3.0837
813.6	3.018
813.7	2.9497
813.8	2.8843
813.9	2.8222
814	2.7634
814.1	2.7004
814.2	2.6416
814.3	2.5851
814.4	2.5293
814.5	2.4705
814.6	2.4167
814.7	2.3629
814.8	2.3127
814.9	2.2595
815	2.209
815.1	2.1627
815.2	2.1116
815.3	2.0676
815.4	2.0201
815.5	1.9785
815.6	1.9339
815.7	1.8959
815.8	1.8561
815.9	1.8198
816	1.7815
816.1	1.75
816.2	1.7215
816.3	1.6963
816.4	1.6684
816.5	1.6452
816.6	1.6256
816.7	1.6063
816.8	1.5885
816.9	1.5731
817	1.5642
817.1	1.5538
817.2	1.5443
817.3	1.5395
817.4	1.5336
817.5	1.5259
817.6	1.5203
817.7	1.5111
817.8	1.5025
817.9	1.4924
818	1.4779
818.1	1.463
818.2	1.4443
818.3	1.4229
818.4	1.3983
818.5	1.3739
818.6	1.3475
818.7	1.3166
818.8	1.2893
818.9	1.2584
819	1.2287
819.1	1.1981
819.2	1.1675
819.3	1.1405
819.4	1.1129
819.5	1.0894
819.6	1.0636
819.7	1.0419
819.8	1.0223
819.9	1.0054
820	0.98635
820.1	0.97092
820.2	0.95459
820.3	0.94153
820.4	0.92907
820.5	0.9166
820.6	0.90622
820.7	0.89762
820.8	0.88991
820.9	0.88131
821	0.8742
821.1	0.86678
821.2	0.85759
821.3	0.85166
821.4	0.84574
821.5	0.84041
821.6	0.83508
821.7	0.82737
821.8	0.82293
821.9	0.82027
822	0.81494
822.1	0.81228
822.2	0.81082
822.3	0.80578
822.4	0.80372
822.5	0.80404
822.6	0.80584
822.7	0.80615
822.8	0.80855
822.9	0.81184
823	0.8172
823.1	0.82198
823.2	0.82943
823.3	0.83777
823.4	0.8464
823.5	0.85742
823.6	0.87111
823.7	0.88242
823.8	0.8967
823.9	0.9095
824	0.92557
824.1	0.93926
824.2	0.95741
824.3	0.97793
824.4	0.99875
824.5	1.0181
824.6	1.0359
824.7	1.0574
824.8	1.0773
824.9	1.0942
825	1.1094
825.1	1.1216
825.2	1.1332
825.3	1.1413
825.4	1.1475
825.5	1.1464
825.6	1.1413
825.7	1.1327
825.8	1.1212
825.9	1.1066
826	1.087
826.1	1.063
826.2	1.0392
826.3	1.0122
826.4	0.98545
826.5	0.95605
826.6	0.92575
826.7	0.89813
826.8	0.86813
826.9	0.83932
827	0.81378
827.1	0.79032
827.2	0.76686
827.3	0.74399
827.4	0.72113
827.5	0.69856
827.6	0.68015
827.7	0.66085
827.8	0.64512
827.9	0.62968
828	0.61365
828.1	0.59911
828.2	0.58397
828.3	0.57091
828.4	0.55844
828.5	0.54806
828.6	0.5356
828.7	0.52581
828.8	0.51869
828.9	0.5098
829	0.5009
829.1	0.4923
829.2	0.4837
829.3	0.47747
829.4	0.47066
829.5	0.46354
829.6	0.45999
829.7	0.45645
829.8	0.44993
829.9	0.4437
830	0.43926
830.1	0.43482
830.2	0.43098
830.3	0.42832
830.4	0.42359
830.5	0.42093
830.6	0.41708
830.7	0.41383
830.8	0.40939
830.9	0.40555
831	0.40259
831.1	0.40083
831.2	0.39817
831.3	0.39463
831.4	0.39227
831.5	0.38604
831.6	0.3825
831.7	0.38073
831.8	0.37807
831.9	0.37363
832	0.36949
832.1	0.36951
832.2	0.36715
832.3	0.36687
832.4	0.36689
832.5	0.3678
832.6	0.36633
832.7	0.36546
832.8	0.36696
832.9	0.36906
833	0.37116
833.1	0.37088
833.2	0.37328
833.3	0.37419
833.4	0.37421
833.5	0.3769
833.6	0.379
833.7	0.37991
833.8	0.37874
833.9	0.37757
834	0.3758
834.1	0.37344
834.2	0.3696
834.3	0.36546
834.4	0.36131
834.5	0.35569
834.6	0.34946
834.7	0.34175
834.8	0.33286
834.9	0.32842
835	0.3213
835.1	0.31567
835.2	0.30707
835.3	0.29996
835.4	0.29463
835.5	0.2893
835.6	0.28367
835.7	0.27774
835.8	0.27241
835.9	0.26827
836	0.26561
836.1	0.25998
836.2	0.25822
836.3	0.25616
836.4	0.25261
836.5	0.25203
836.6	0.24967
836.7	0.24642
836.8	0.24496
836.9	0.24141
837	0.23935
837.1	0.23728
837.2	0.23463
837.3	0.22989
837.4	0.22664
837.5	0.2222
837.6	0.21746
837.7	0.21243
837.8	0.20888
837.9	0.20533
838	0.2
838.1	0.19497
838.2	0.18845
838.3	0.18252
838.4	0.17987
838.5	0.17662
838.6	0.17099
838.7	0.16655
838.8	0.1627
838.9	0.15856
839	0.15442
839.1	0.14968
839.2	0.14673
839.3	0.14318
839.4	0.13963
839.5	0.13697
839.6	0.13462
839.7	0.13077
839.8	0.1296
839.9	0.12813
840	0.12488
840.1	0.12312
840.2	0.12046
840.3	0.12048
840.4	0.11931
840.5	0.11665
840.6	0.11459
840.7	0.11312
840.8	0.11225
840.9	0.11078
841	0.10961
841.1	0.10666
841.2	0.10668
841.3	0.10521
841.4	0.10493
841.5	0.10406
841.6	0.10378
841.7	0.10172
841.8	0.09995
841.9	0.099671
842	0.09969
842.1	0.098222
842.2	0.097349
842.3	0.097665
842.4	0.0959
842.5	0.096215
842.6	0.095045
842.7	0.094766
842.8	0.095082
842.9	0.093317
843	0.095118
843.1	0.092759
843.2	0.093372
843.3	0.093985
843.4	0.094003
843.5	0.094319
843.6	0.094932
843.7	0.09495
843.8	0.094077
843.9	0.092906
844	0.092033
844.1	0.091457
844.2	0.091773
844.3	0.091197
844.4	0.093296
844.5	0.091828
844.6	0.092144
844.7	0.091865
844.8	0.090397
844.9	0.091307
845	0.089839
845.1	0.089561
845.2	0.08839
845.3	0.088409
845.4	0.087238
845.5	0.087554
845.6	0.087275
845.7	0.08551
845.8	0.084637
845.9	0.084953
846	0.084377
846.1	0.082612
846.2	0.08055
846.3	0.079974
846.4	0.081478
846.5	0.080902
846.6	0.080623
846.7	0.078858
846.8	0.079174
846.9	0.077409
847	0.077428
847.1	0.080121
847.2	0.079842
847.3	0.078672
847.4	0.077204
847.5	0.076034
847.6	0.076646
847.7	0.077259
847.8	0.078764
847.9	0.076702
848	0.075828
848.1	0.074955
848.2	0.074676
848.3	0.074695
848.4	0.074416
848.5	0.075623
848.6	0.075344
848.7	0.074174
848.8	0.074192
848.9	0.074805
849	0.074229
849.1	0.075139
849.2	0.073077
849.3	0.072798
849.4	0.074005
849.5	0.075213
849.6	0.074637
849.7	0.07198
849.8	0.073485
849.9	0.073206
850	0.071738
850.1	0.072351
850.2	0.07653
850.3	0.064958
850.4	0.064679
850.5	0.070641
850.6	0.068876
850.7	0.061762
850.8	0.062078
850.9	0.064176
851	0.067464
851.1	0.068077
851.2	0.066015
851.3	0.064844
851.4	0.066646
851.5	0.063692
851.6	0.060442
851.7	0.062838
851.8	0.061073
851.9	0.065549
852	0.06319
852.1	0.058453
852.2	0.057283
852.3	0.059976
852.4	0.058508
852.5	0.064768
852.6	0.062111
852.7	0.070154
852.8	0.06512
852.9	0.064544
853	0.062185
853.1	0.067256
853.2	0.063708
853.3	0.063429
853.4	0.049776
853.5	0.050983
853.6	0.056649
853.7	0.063503
853.8	0.059063
853.9	0.064134
854	0.062369
854.1	0.062982
854.2	0.064486
854.3	0.054994
854.4	0.038072
854.5	0.054734
854.6	0.057724
854.7	0.059823
854.8	0.05895
854.9	0.061048
855	0.060472
855.1	0.05841
855.2	0.058429
855.3	0.055772
855.4	0.050441
855.5	0.060267
855.6	0.057314
855.7	0.056143
855.8	0.06478
855.9	0.057369
856	0.063628
856.1	0.065133
856.2	0.056235
856.3	0.066358
856.4	0.069051
856.5	0.069664
856.6	0.071763
856.7	0.066432
856.8	0.068531
856.9	0.067063
857	0.065893
857.1	0.06918
857.2	0.067415
857.3	0.065353
857.4	0.060617
857.5	0.05588
857.6	0.062139
857.7	0.06513
857.8	0.070795
857.9	0.061303
858	0.06786
858.1	0.080955
858.2	0.065816
858.3	0.071184
858.4	0.065853
858.5	0.068249
858.6	0.070942
858.7	0.067988
858.8	0.071276
858.9	0.064756
859	0.063883
859.1	0.062118
859.2	0.057084
859.3	0.065721
859.4	0.066631
859.5	0.069027
859.6	0.073206
859.7	0.083032
859.8	0.077701
859.9	0.074153
860	0.064364
860.1	0.075081
860.2	0.063212
860.3	0.063825
860.4	0.077217
860.5	0.069211
860.6	0.064474
860.7	0.081433
860.8	0.077885
860.9	0.079092
861	0.066331
861.1	0.081804
861.2	0.085091
861.3	0.084515
861.4	0.082751
861.5	0.077717
861.6	0.078924
861.7	0.075079
861.8	0.080744
861.9	0.082842
862	0.082564
862.1	0.076044
862.2	0.080223
862.3	0.096587
862.4	0.093931
862.5	0.083547
862.6	0.086835
862.7	0.097552
862.8	0.10351
862.9	0.11394
863	0.11217
863.1	0.10981
863.2	0.10924
863.3	0.10272
863.4	0.10392
863.5	0.094728
863.6	0.092666
863.7	0.1013
863.8	0.098349
863.9	0.10758
864	0.10938
864.1	0.10138
864.2	0.11507
864.3	0.11092
864.4	0.1151
864.5	0.11245
864.6	0.11871
864.7	0.12794
864.8	0.1336
864.9	0.12857
865	0.11967
865.1	0.11553
865.2	0.12595
865.3	0.13726
865.4	0.14322
865.5	0.13849
865.6	0.14059
865.7	0.12782
865.8	0.12844
865.9	0.14332
866	0.14839
866.1	0.15554
866.2	0.16239
866.3	0.15914
866.4	0.16629
866.5	0.16661
866.6	0.17376
866.7	0.16991
866.8	0.17053
866.9	0.17025
867	0.18334
867.1	0.18069
867.2	0.19051
867.3	0.21104
867.4	0.22086
867.5	0.21583
867.6	0.22387
867.7	0.23667
867.8	0.25125
867.9	0.25484
868	0.26347
868.1	0.26736
868.2	0.27629
868.3	0.28612
868.4	0.3004
868.5	0.31766
868.6	0.31975
868.7	0.34563
868.8	0.35724
868.9	0.3638
869	0.37481
869.1	0.38642
869.2	0.39684
869.3	0.42331
869.4	0.43908
869.5	0.44623
869.6	0.45725
869.7	0.4638
869.8	0.47422
869.9	0.47632
870	0.47634
870.1	0.48706
870.2	0.47578
870.3	0.4761
870.4	0.47701
870.5	0.47584
870.6	0.49042
870.7	0.46993
870.8	0.46579
870.9	0.44946
871	0.42986
871.1	0.43107
871.2	0.43139
871.3	0.41446
871.4	0.41389
871.5	0.39013
871.6	0.36697
871.7	0.35985
871.8	0.3572
871.9	0.34562
872	0.33108
872.1	0.33258
872.2	0.32725
872.3	0.313
872.4	0.30292
872.5	0.29996
872.6	0.29166
872.7	0.28455
872.8	0.27743
872.9	0.27329
873	0.25756
873.1	0.25728
873.2	0.27394
873.3	0.26861
873.4	0.26298
873.5	0.263
873.6	0.25113
873.7	0.26185
873.8	0.26573
873.9	0.25832
874	0.26071
874.1	0.26935
874.2	0.26402
874.3	0.26671
874.4	0.2703
874.5	0.26824
874.6	0.25815
874.7	0.25728
874.8	0.25878
874.9	0.27544
875	0.27427
875.1	0.27875
875.2	0.26807
875.3	0.27789
875.4	0.28088
875.5	0.28893
875.6	0.28092
875.7	0.27291
875.8	0.27055
875.9	0.27889
876	0.28397
876.1	0.29557
876.2	0.28668
876.3	0.30304
876.4	0.30425
876.5	0.30962
876.6	0.3135
876.7	0.30193
876.8	0.31413
876.9	0.31058
877	0.31536
877.1	0.3231
877.2	0.33085
877.3	0.35345
877.4	0.35466
877.5	0.35438
877.6	0.37372
877.7	0.37998
877.8	0.38326
877.9	0.37139
878	0.37973
878.1	0.38599
878.2	0.36877
878.3	0.36879
878.4	0.38189
878.5	0.38755
878.6	0.38787
878.7	0.39056
878.8	0.40901
878.9	0.39833
879	0.39894
879.1	0.39717
879.2	0.3853
879.3	0.38889
879.4	0.39158
879.5	0.38685
879.6	0.38419
879.7	0.39342
879.8	0.40146
879.9	0.39465
880	0.38783
880.1	0.38547
880.2	0.37449
880.3	0.36441
880.4	0.36472
880.5	0.37544
880.6	0.38378
880.7	0.37161
880.8	0.36539
880.9	0.37313
881	0.37048
881.1	0.3702
881.2	0.36368
881.3	0.37469
881.4	0.37471
881.5	0.38484
881.6	0.39407
881.7	0.39171
881.8	0.40213
881.9	0.38848
882	0.40217
882.1	0.41199
882.2	0.41617
882.3	0.43105
882.4	0.44325
882.5	0.44595
882.6	0.47152
882.7	0.47362
882.8	0.47394
882.9	0.48436
883	0.50815
883.1	0.52898
883.2	0.55426
883.3	0.56586
883.4	0.58877
883.5	0.61553
883.6	0.64438
883.7	0.66996
883.8	0.69851
883.9	0.75797
884	0.79127
884.1	0.83914
884.2	0.87869
884.3	0.94409
884.4	1.0065
884.5	1.0817
884.6	1.1462
884.7	1.2271
884.8	1.3234
884.9	1.4248
885	1.5053
885.1	1.6112
885.2	1.7568
885.3	1.8906
885.4	2.0145
885.5	2.1212
885.6	2.1492
885.7	2.2155
885.8	2.3522
885.9	2.497
886	2.5796
886.1	2.5377
886.2	2.5021
886.3	2.5021
886.4	2.4198
886.5	2.3116
886.6	2.2382
886.7	2.1342
886.8	1.9996
886.9	1.9836
887	1.8549
887.1	1.7313
887.2	1.6484
887.3	1.5857
887.4	1.5102
887.5	1.4015
887.6	1.3364
887.7	1.2862
887.8	1.2511
887.9	1.1715
888	1.1421
888.1	1.0904
888.2	1.0399
888.3	1.0167
888.4	1.0046
888.5	0.95942
888.6	0.94607
888.7	0.9342
888.8	0.91103
888.9	0.88876
889	0.8656
889.1	0.87067
889.2	0.85048
889.3	0.83415
889.4	0.82882
889.5	0.84786
889.6	0.82648
889.7	0.80777
889.8	0.79353
889.9	0.80098
890	0.80515
890.1	0.8233
890.2	0.79717
890.3	0.77727
890.4	0.78264
890.5	0.75948
890.6	0.75028
890.7	0.73306
890.8	0.72981
890.9	0.7227
891	0.71023
891.1	0.70134
891.2	0.68352
891.3	0.67106
891.4	0.66424
891.5	0.64197
891.6	0.62535
891.7	0.63636
891.8	0.63341
891.9	0.62273
892	0.60967
892.1	0.59393
892.2	0.58444
892.3	0.5904
892.4	0.58567
892.5	0.56756
892.6	0.56104
892.7	0.55065
892.8	0.53849
892.9	0.53464
893	0.54982
893.1	0.54359
893.2	0.54391
893.3	0.54839
893.4	0.5493
893.5	0.55942
893.6	0.53982
893.7	0.52676
893.8	0.53867
893.9	0.53839
894	0.54287
894.1	0.52595
894.2	0.54231
894.3	0.53965
894.4	0.54472
894.5	0.5388
894.6	0.54179
894.7	0.54062
894.8	0.52221
894.9	0.52223
895	0.51601
895.1	0.50443
895.2	0.49316
895.3	0.50952
895.4	0.49349
895.5	0.4733
895.6	0.46351
895.7	0.44243
895.8	0.45404
895.9	0.44395
896	0.43268
896.1	0.41724
896.2	0.40448
896.3	0.40361
896.4	0.38728
896.5	0.387
896.6	0.38048
896.7	0.39506
896.8	0.38765
896.9	0.39183
897	0.38234
897.1	0.37166
897.2	0.35622
897.3	0.35713
897.4	0.34972
897.5	0.35033
897.6	0.35927
897.7	0.35661
897.8	0.35247
897.9	0.35011
898	0.35964
898.1	0.36382
898.2	0.36027
898.3	0.35048
898.4	0.33534
898.5	0.34784
898.6	0.36153
898.7	0.36095
898.8	0.35592
898.9	0.34494
899	0.35447
899.1	0.3536
899.2	0.34856
899.3	0.35036
899.4	0.3489
899.5	0.34654
899.6	0.34329
899.7	0.33825
899.8	0.33471
899.9	0.34245
900	0.34009
900.1	0.34427
900.2	0.3434
900.3	0.34877
900.4	0.34908
900.5	0.34821
900.6	0.34912
900.7	0.3319
900.8	0.3447
900.9	0.34085
901	0.33374
901.1	0.3504
901.2	0.3519
901.3	0.35073
901.4	0.34718
901.5	0.36028
901.6	0.36119
901.7	0.3511
901.8	0.36301
901.9	0.37492
902	0.38207
902.1	0.38238
902.2	0.38716
902.3	0.37915
902.4	0.39462
902.5	0.3887
902.6	0.41398
902.7	0.41816
902.8	0.43096
902.9	0.44256
903	0.43813
903.1	0.44647
903.2	0.46253
903.3	0.47503
903.4	0.46019
903.5	0.46705
903.6	0.47747
903.7	0.49324
903.8	0.47364
903.9	0.47098
904	0.46952
904.1	0.46151
904.2	0.44875
904.3	0.44698
904.4	0.46008
904.5	0.45891
904.6	0.45477
904.7	0.44706
904.8	0.42152
904.9	0.40549
905	0.38797
905.1	0.3865
905.2	0.37463
905.3	0.35355
905.4	0.35476
905.5	0.35596
905.6	0.33874
905.7	0.32658
905.8	0.32422
905.9	0.32721
906	0.30523
906.1	0.29455
906.2	0.28684
906.3	0.27379
906.4	0.27291
906.5	0.27115
906.6	0.27295
906.7	0.27
906.8	0.27923
906.9	0.26974
907	0.265
907.1	0.26413
907.2	0.26117
907.3	0.26713
907.4	0.25943
907.5	0.24013
907.6	0.24312
907.7	0.24224
907.8	0.25088
907.9	0.25506
908	0.25003
908.1	0.25004
908.2	0.24798
908.3	0.25127
908.4	0.24713
908.5	0.24239
908.6	0.25578
908.7	0.2457
908.8	0.25017
908.9	0.24811
909	0.23862
909.1	0.23031
909.2	0.244
909.3	0.24878
909.4	0.24434
909.5	0.23841
909.6	0.23368
909.7	0.22983
909.8	0.23431
909.9	0.22511
910	0.2177
910.1	0.22307
910.2	0.21685
910.3	0.22697
910.4	0.21361
910.5	0.21274
910.6	0.20533
910.7	0.20713
910.8	0.19675
910.9	0.20895
911	0.20362
911.1	0.20037
911.2	0.19444
911.3	0.19089
911.4	0.18675
911.5	0.17667
911.6	0.18857
911.7	0.18532
911.8	0.17791
911.9	0.18268
912	0.18359
912.1	0.17172
912.2	0.17501
912.3	0.18721
912.4	0.19021
912.5	0.1819
912.6	0.17657
912.7	0.17362
912.8	0.17304
912.9	0.1692
913	0.16951
913.1	0.18023
913.2	0.17549
913.3	0.16689
913.4	0.17107
913.5	0.16723
913.6	0.16843
913.7	0.17618
913.8	0.16312
913.9	0.16403
914	0.16256
914.1	0.1605
914.2	0.15725
914.3	0.1537
914.4	0.15045
914.5	0.14453
914.6	0.15138
914.7	0.1618
914.8	0.1636
914.9	0.14995
915	0.15116
915.1	0.15533
915.2	0.16605
915.3	0.15091
915.4	0.14737
915.5	0.13074
915.6	0.11263
915.7	0.11413
915.8	0.12842
915.9	0.12338
916	0.11151
916.1	0.10737
916.2	0.11868
916.3	0.1089
916.4	0.10832
916.5	0.10507
916.6	0.099737
916.7	0.084301
916.8	0.094127
916.9	0.10039
917	0.090598
917.1	0.098046
917.2	0.091229
917.3	0.082925
917.4	0.087105
917.5	0.078801
917.6	0.085953
917.7	0.080324
917.8	0.059539
917.9	0.068473
918	0.080082
918.1	0.075345
918.2	0.064665
918.3	0.069141
918.4	0.071834
918.5	0.061748
918.6	0.062361
918.7	0.057624
918.8	0.060911
918.9	0.072818
919	0.071647
919.1	0.069585
919.2	0.065146
919.3	0.067244
919.4	0.061913
919.5	0.06104
919.6	0.067894
919.7	0.066426
919.8	0.053962
919.9	0.068246
920	0.066779
920.1	0.067392
920.2	0.066221
920.3	0.069509
920.4	0.056748
920.5	0.058549
920.6	0.052029
920.7	0.062152
920.8	0.067223
920.9	0.063081
921	0.066665
921.1	0.063712
921.2	0.052139
921.3	0.050672
921.4	0.057823
921.5	0.053681
921.6	0.060535
921.7	0.059364
921.8	0.053439
921.9	0.046324
922	0.047234
922.1	0.056466
922.2	0.054107
922.3	0.055611
922.4	0.058007
922.5	0.071697
922.6	0.056558
922.7	0.050632
922.8	0.06135
922.9	0.061665
923	0.04831
923.1	0.055758
923.2	0.065584
923.3	0.061442
923.4	0.062054
923.5	0.06445
923.6	0.069818
923.7	0.063001
923.8	0.059453
923.9	0.073737
924	0.070784
924.1	0.061886
924.2	0.06666
924.3	0.058951
924.4	0.068182
924.5	0.068498
924.6	0.067327
924.7	0.06794
924.8	0.075091
924.9	0.074218
925	0.083747
925.1	0.073066
925.2	0.081406
925.3	0.087071
925.4	0.087981
925.5	0.083245
925.6	0.083857
925.7	0.091306
925.8	0.099646
925.9	0.096692
926	0.10295
926.1	0.10891
926.2	0.12201
926.3	0.11103
926.4	0.10778
926.5	0.10275
926.6	0.09801
926.7	0.098028
926.8	0.099533
926.9	0.10549
927	0.10165
927.1	0.087105
927.2	0.083854
927.3	0.08952
927.4	0.095779
927.5	0.092528
927.6	0.090764
927.7	0.091376
927.8	0.078912
927.9	0.081606
928	0.08103
928.1	0.071835
928.2	0.064126
928.3	0.06563
928.4	0.07397
928.5	0.071611
928.6	0.068063
928.7	0.051438
928.8	0.048485
928.9	0.036318
929	0.0402
929.1	0.028033
929.2	0.028943
929.3	0.036986
929.4	0.048892
929.5	0.034051
929.6	0.020695
929.7	0.017741
929.8	0.025784
929.9	0.026397
930	0.022254
930.1	0.016626
930.2	0.022291
930.3	0.02231
930.4	0.016978
930.5	0.022049
930.6	0.021176
930.7	0.018817
930.8	0.020618
930.9	0.01707
931	0.01798
931.1	0.019782
931.2	0.020692
931.3	0.024277
931.4	0.017757
931.5	0.011831
931.6	0.015416
931.7	0.011571
931.8	0.012481
931.9	0.020226
932	0.015489
932.1	0.00362
932.2	0.009879
932.3	0.000685
932.4	0.002486
932.5	0.014987
932.6	0.016789
932.7	0.008783
932.8	0.016528
932.9	0.016249
933	0.022212
933.1	0.015692
933.2	0.007686
933.3	0.018403
933.4	0.013072
933.5	0.021115
933.6	0.023511
933.7	0.018774
933.8	0.012254
933.9	0.024458
934	0.015263
934.1	0.000718
934.2	0.005492
934.3	0.001052
934.4	0.004934
934.5	0.000515
934.6	0.000515
934.7	0.001126
934.8	0.006197
934.9	0.000271
935	0.0098
935.1	0.006846
935.2	0.000515
935.3	0.001831
935.4	0.000515
935.5	0.00157
935.6	0.006344
935.7	0.009929
935.8	0.010244
935.9	0.01056
936	0.010281
936.1	0.008516
936.2	0.000515
936.3	0.000515
936.4	0.001141
936.5	0.005023
936.6	0.010986
936.7	0.004169
936.8	0.004187
936.9	0.008961
937	0.004818
937.1	0.000515
937.2	0.000515
937.3	0.001307
937.4	0.00192
937.5	0.006099
937.6	0.002254
937.7	0.008216
937.8	0.010909
937.9	0.010036
938	0.003813
938.1	0.000515
938.2	0.006525
938.3	0.002977
938.4	0.008642
938.5	0.000636
938.6	0.003329
938.7	0.00632
938.8	0.000515
938.9	0.001898
939	0.000515
939.1	0.003718
939.2	0.002251
939.3	0.000515
939.4	0.000515
939.5	0.000515
939.6	0.000515
939.7	0.006206
939.8	0.013655
939.9	0.002677
940	0.000515
940.1	0.000633
940.2	0.000515
940.3	0.006019
940.4	0.010199
940.5	0.000515
940.6	0.000515
940.7	0.002824
940.8	0.009975
940.9	0.007021
941	0.005554
941.1	0.000515
941.2	0.000515
941.3	0.000515
941.4	0.000515
941.5	0.004457
941.6	0.00507
941.7	0.000515
941.8	0.000515
941.9	0.000515
942	0.000091
942.1	0.000515
942.2	0.000515
942.3	0.000515
942.4	0.000515
942.5	0.000515
942.6	0.003173
942.7	0.002003
942.8	0.000832
942.9	0.000515
943	0.000515
943.1	0.000515
943.2	0.000515
943.3	0.004491
943.4	0.000515
943.5	0.000515
943.6	0.003357
943.7	0.000515
943.8	0.000719
943.9	0.000737
944	0.004322
944.1	0.000515
944.2	0.000515
944.3	0.000515
944.4	0.000515
944.5	0.000515
944.6	0.000515
944.7	0.000515
944.8	0.000515
944.9	0.000921
945	0.000515
945.1	0.000515
945.2	0.000515
945.3	0.002778
945.4	0.015576
945.5	0.006976
945.6	0.005211
945.7	0.007607
945.8	0.000515
945.9	0.000515
946	0.000515
946.1	0.000515
946.2	0.000515
946.3	0.000515
946.4	0.000515
946.5	0.000515
946.6	0.000515
946.7	0.000515
946.8	0.000379
946.9	0.003964
947	0.000515
947.1	0.000515
947.2	0.000515
947.3	0.000515
947.4	0.003759
947.5	0.000515
947.6	0.000515
947.7	0.000515
947.8	0.000515
947.9	0.000515
948	0.000515
948.1	0.000515
948.2	0.000515
948.3	0.000515
948.4	0.000515
948.5	0.000515
948.6	0.000515
948.7	0.000515
948.8	0.000515
948.9	0.000515
949	0.000515
949.1	0.000505
949.2	0.000515
949.3	0.008863
949.4	0.004126
949.5	0.000515
949.6	0.000894
949.7	0.000515
949.8	0.000515
949.9	0.000515
950	0.001265
950.1	0.000515
950.2	0.001896
950.3	0.000725
950.4	0.000515
950.5	0.000515
950.6	0.000515
950.7	0.000515
950.8	0.000515
950.9	0.000515
951	0.006204
951.1	0.000515
951.2	0.000515
951.3	0.000515
951.4	0.002414
951.5	0.000515
951.6	0.000515
951.7	0.000515
951.8	0.000515
951.9	0.003397
952	0.000515
952.1	0.000515
952.2	0.000515
952.3	0.000515
952.4	0.006164
952.5	0.000833
952.6	0.000515
952.7	0.004139
952.8	0.007129
952.9	0.001501
953	0.002411
953.1	0.007779
953.2	0.005717
953.3	0.000515
953.4	0.005159
953.5	0.00815
953.6	0.000515
953.7	0.000515
953.8	0.001964
953.9	0.000515
954	0.000515
954.1	0.000515
954.2	0.000515
954.3	0.000515
954.4	0.007721
954.5	0.000515
954.6	0.001516
954.7	0.001238
954.8	0.000515
954.9	0.000515
955	0.004859
955.1	0.006363
955.2	0.002815
955.3	0.000515
955.4	0.000515
955.5	0.000515
955.6	0.000515
955.7	0.000515
955.8	0.000515
955.9	0.000515
956	0.000515
956.1	0.000515
956.2	0.000515
956.3	0.000515
956.4	0.000515
956.5	0.000515
956.6	0.001587
956.7	0.000515
956.8	0.000515
956.9	0.000515
957	0.000515
957.1	0.000515
957.2	0.000515
957.3	0.000515
957.4	0.000515
957.5	0.000515
957.6	0.000515
957.7	0.000515
957.8	0.00151
957.9	0.000515
958	0.000515
958.1	0.001268
958.2	0.000515
958.3	0.000515
958.4	0.000515
958.5	0.000515
958.6	0.000766
958.7	0.009106
958.8	0.004072
958.9	0.010331
959	0.000515
959.1	0.000515
959.2	0.002362
959.3	0.000515
959.4	0.000515
959.5	0.003606
959.6	0.000515
959.7	0.004535
959.8	0.000515
959.9	0.000515
960	0.000515
960.1	0.000515
960.2	0.000515
960.3	0.005239
960.4	0.000515
960.5	0.000515
960.6	0.000515
960.7	0.000515
960.8	0.000515
960.9	0.000515
961	0.000515
961.1	0.007467
961.2	0.005108
961.3	0.003343
961.4	0.008711
961.5	0.011701
961.6	0.002209
961.7	0.000515
961.8	0.000515
961.9	0.000515
962	0.000515
962.1	0.000515
962.2	0.000515
962.3	0.000515
962.4	0.002356
962.5	0.000515
962.6	0.001501
962.7	0.000515
962.8	0.000515
962.9	0.000515
963	0.000515
963.1	0.000515
963.2	0.001909
963.3	0.009655
963.4	0.003135
963.5	0.000515
963.6	0.000515
963.7	0.000515
963.8	0.000236
963.9	0.019275
964	0.000515
964.1	0.000515
964.2	0.000515
964.3	0.000515
964.4	0.000515
964.5	0.000515
964.6	0.000515
964.7	0.000515
964.8	0.000123
964.9	0.000515
965	0.000515
965.1	0.000515
965.2	0.000515
965.3	0.000515
965.4	0.000515
965.5	0.000515
965.6	0.000515
965.7	0.000515
965.8	0.000515
965.9	0.000325
966	0.000515
966.1	0.000515
966.2	0.006324
966.3	0.000399
966.4	0.008739
966.5	0.002219
966.6	0.006695
966.7	0.001661
966.8	0.000515
966.9	0.000515
967	0.002013
967.1	0.007679
967.2	0.006508
967.3	0.002366
967.4	0.003276
967.5	0.001808
967.6	0.009851
967.7	0.006006
967.8	0.000674
967.9	0.007231
968	0.001008
968.1	0.000515
968.2	0.004017
968.3	0.000172
968.4	0.001676
968.5	0.0011
968.6	0.000515
968.7	0.000515
968.8	0.000515
968.9	0.000877
969	0.000515
969.1	0.004777
969.2	0.000515
969.3	0.000515
969.4	0.000515
969.5	0.000515
969.6	0.000515
969.7	0.000515
969.8	0.000515
969.9	0.000515
970	0.001376
970.1	0.000515
970.2	0.000515
970.3	0.000515
970.4	0.000515
970.5	0.000515
970.6	0.002378
970.7	0.000515
970.8	0.000515
970.9	0.000056
971	0.00156
971.1	0.000515
971.2	0.000515
971.3	0.000515
971.4	0.000515
971.5	0.000515
971.6	0.000515
971.7	0.000797
971.8	0.000515
971.9	0.000515
972	0.000515
972.1	0.000515
972.2	0.000515
972.3	0.001502
972.4	0.000515
972.5	0.000515
972.6	0.000515
972.7	0.000515
972.8	0.000515
972.9	0.000515
973	0.000515
973.1	0.000515
973.2	0.000515
973.3	0.003172
973.4	0.000515
973.5	0.002912
973.6	0.006199
973.7	0.00384
973.8	0.000515
973.9	0.000515
974	0.000515
974.1	0.000515
974.2	0.000515
974.3	0.000515
974.4	0.000515
974.5	0.000515
974.6	0.000515
974.7	0.000515
974.8	0.002259
974.9	0.006735
975	0.004971
975.1	0.002611
975.2	0.002035
975.3	0.001459
975.4	0.000515
975.5	0.000515
975.6	0.000515
975.7	0.002424
975.8	0.00482
975.9	0.000515
976	0.000515
976.1	0.000515
976.2	0.000515
976.3	0.000515
976.4	0.000515
976.5	0.000515
976.6	0.004373
976.7	0.000515
976.8	0.000515
976.9	0.008886
977	0.000515
977.1	0.000515
977.2	0.000515
977.3	0.000515
977.4	0.000515
977.5	0.000515
977.6	0.000515
977.7	0.002495
977.8	0.003108
977.9	0.000154
978	0.001956
978.1	0.000515
978.2	0.004667
978.3	0.007658
978.4	0.000515
978.5	0.000515
978.6	0.000515
978.7	0.002679
978.8	0.010127
978.9	0.004796
979	0.000515
979.1	0.000515
979.2	0.000515
979.3	0.000515
979.4	0.000515
979.5	0.000515
979.6	0.000467
979.7	0.000515
979.8	0.000515
979.9	0.000515
980	0.000515
980.1	0.000515
980.2	0.006224
980.3	0.000515
980.4	0.000515
980.5	0.00093
980.6	0.004812
980.7	0.000515
980.8	0.000515
980.9	0.000515
981	0.000515
981.1	0.000515
981.2	0.000167
981.3	0.00286
981.4	0.000515
981.5	0.000515
981.6	0.000515
981.7	0.000515
981.8	0.000515
981.9	0.000515
982	0.000515
982.1	0.002115
982.2	0.000648
982.3	0.000515
982.4	0.001576
982.5	0.000703
982.6	0.000515
982.7	0.000515
982.8	0.000515
982.9	0.000515
983	0.001984
983.1	0.000515
983.2	0.000515
983.3	0.000515
983.4	0.000515
983.5	0.000515
983.6	0.000515
983.7	0.000515
983.8	0.000515
983.9	0.008985
984	0.002465
984.1	0.007536
984.2	0.006068
984.3	0.000142
984.4	0.002241
984.5	0.000515
984.6	0.000515
984.7	0.000515
984.8	0.000515
984.9	0.000515
985	0.000515
985.1	0.000515
985.2	0.004766
985.3	0.000515
985.4	0.000939
985.5	0.002146
985.6	0.000515
985.7	0.000515
985.8	0.000515
985.9	0.000515
986	0.000515
986.1	0.000515
986.2	0.002869
986.3	0.000515
986.4	0.000515
986.5	0.000515
986.6	0.000515
986.7	0.0095
986.8	0.000515
986.9	0.000515
987	0.000515
987.1	0.000515
987.2	0.000515
987.3	0.000515
987.4	0.000515
987.5	0.003406
987.6	0.000515
987.7	0.004631
987.8	0.007622
987.9	0.003776
988	0.013008
988.1	0.013918
988.2	0.000515
988.3	0.000515
988.4	0.000515
988.5	0.000515
988.6	0.000515
988.7	0.000515
988.8	0.000375
988.9	0.000097
989	0.003087
989.1	0.008455
989.2	0.007582
989.3	0.004925
989.4	0.000515
989.5	0.000515
989.6	0.000515
989.7	0.000515
989.8	0.003531
989.9	0.000515
990	0.000515
990.1	0.000515
990.2	0.000515
990.3	0.00184
990.4	0.006019
990.5	0.002174
990.6	0.010514
990.7	0.0034
990.8	0.000515
990.9	0.000515
991	0.000515
991.1	0.001393
991.2	0.005572
991.3	0.003807
991.4	0.000515
991.5	0.002952
991.6	0.004457
991.7	0.000515
991.8	0.000515
991.9	0.000515
992	0.000515
992.1	0.000515
992.2	0.000515
992.3	0.000515
992.4	0.000515
992.5	0.002245
992.6	0.009099
992.7	0.000515
992.8	0.004083
992.9	0.001427
993	0.000515
993.1	0.000515
993.2	0.000515
993.3	0.001203
993.4	0.00241
993.5	0.000515
993.6	0.009283
993.7	0.000088
993.8	0.003078
993.9	0.00696
994	0.006087
994.1	0.0067
994.2	0.000515
994.3	0.002873
994.4	0.002
994.5	0.010042
994.6	0.009466
994.7	0.009485
994.8	0.019608
994.9	0.01071
995	0.000515
995.1	0.000515
995.2	0.012252
995.3	0.026833
995.4	0.017341
995.5	0.01944
995.6	0.006084
995.7	0.002833
995.8	0.010579
995.9	0.00822
996	0.014776
996.1	0.009445
996.2	0.015407
996.3	0.011562
996.4	0.001773
996.5	0.016354
996.6	0.013103
996.7	0.013419
996.8	0.012249
996.9	0.011078
997	0.02239
997.1	0.030433
997.2	0.017672
997.3	0.001344
997.4	0.0186
997.5	0.01951
997.6	0.015071
997.7	0.010928
997.8	0.013621
997.9	0.014531
998	0.017819
998.1	0.011299
998.2	0.001212
998.3	0.000515
998.4	0.000515
998.5	0.015533
998.6	0.022387
998.7	0.014084
998.8	0.006672
998.9	0.014418
999	0.015625
999.1	0.016238
999.2	0.023984
999.3	0.015978
999.4	0.010944
999.5	0.015123
999.6	0.011278
999.7	0.002677
999.8	0.012503
999.9	0.024707
1000	0.074786
